VERTICES = 62
;

DISTANCE_MATRIX = 
0	0	0.0
0	1	4.527665301943126
0	2	13.049544459017355
0	3	9.488160347450131
0	4	10.033661535810891
0	5	7.015363429793177
0	6	16.159606349800587
0	7	12.709789750631693
0	8	20.570120090543195
0	9	16.575061414233108
0	10	25.442593332370066
0	11	21.596415174802075
0	12	27.634980209086855
0	13	23.951718101513404
0	14	28.332658983072353
0	15	25.741124807585553
0	16	22.507239617384258
0	17	19.040572950717593
0	18	29.22988194330238
0	19	24.813973552769326
0	20	29.816636005428666
0	21	29.099990872246572
0	22	35.94473146382565
0	23	32.217487753117645
0	24	28.379385220288405
0	25	26.190750153222602
0	26	40.90675194085352
0	27	38.3178868956605
0	28	41.98864848744003
0	29	37.986426882159066
0	30	15.297002370326522
0	31	12.45359978335349
0	32	19.45879888487562
0	33	17.09153239854926
0	34	16.33567765649115
0	35	14.381637839870649
0	36	43.52646731561161
0	37	34.05187491094492
0	38	33.92287732600569
0	39	33.28652972319341
0	40	35.34542389928228
0	41	34.76084850203935
0	42	17.038013145608417
0	43	13.936758919044948
0	44	25.576479743277673
0	45	20.34920086756763
0	46	31.772806490666618
0	47	28.039236759102007
0	48	31.84601229045398
0	49	24.429647336124773
0	50	35.24041097347403
0	51	31.331232169115918
0	52	27.495081835419906
0	53	36.747167158142965
0	54	33.810578956845944
0	55	16.442175596351184
0	56	6.986210490554564
0	57	30.681292138359872
0	58	24.428036196329096
0	59	11.582075513446554
0	60	14.591926339851518
0	61	16.202385978250934
1	0	4.527665301943126
1	1	0.0
1	2	8.521879157074228
1	3	4.960495045507005
1	4	5.505996233867764
1	5	2.4876981278500505
1	6	11.63194104785746
1	7	8.182124448688565
1	8	16.042454788600068
1	9	12.047396112289983
1	10	20.91492803042694
1	11	17.068749872858948
1	12	23.107314907143728
1	13	19.424052799570276
1	14	23.804993681129226
1	15	21.213459505642426
1	16	17.979574315441134
1	17	14.512907648774465
1	18	24.702216641359257
1	19	20.286308250826202
1	20	25.288970703485543
1	21	24.572325570303448
1	22	31.41706616188252
1	23	27.68982245117452
1	24	23.85171991834528
1	25	21.66308485127948
1	26	36.379086638910394
1	27	33.790221593717376
1	28	37.46098318549691
1	29	33.458761580215935
1	30	10.769337068383395
1	31	7.925934481410364
1	32	14.931133582932492
1	33	12.563867096606131
1	34	11.808012354548021
1	35	9.853972537927522
1	36	38.99880201366849
1	37	29.524209609001794
1	38	29.39521202406257
1	39	28.758864421250284
1	40	30.817758597339157
1	41	30.233183200096224
1	42	12.510347843665288
1	43	9.40909361710182
1	44	21.04881444133455
1	45	15.821535565624504
1	46	27.245141188723494
1	47	23.51157145715888
1	48	27.318346988510854
1	49	19.901982034181646
1	50	30.712745671530897
1	51	26.80356686717279
1	52	22.96741653347678
1	53	32.21950185619984
1	54	29.282913654902814
1	55	11.914510294408059
1	56	2.458545188611437
1	57	26.15362683641675
1	58	19.900370894385972
1	59	7.054410211503427
1	60	10.064261037908393
1	61	11.67472067630781
2	0	13.049544459017355
2	1	8.521879157074228
2	2	0.0
2	3	3.561384111567223
2	4	12.764089654298703
2	5	9.74579154828099
2	6	17.609362149310407
2	7	14.159545550141512
2	8	21.87434754158324
2	9	17.879288865273153
2	10	26.656518492012204
2	11	22.810340334444213
2	12	28.822791571152692
2	13	25.139529463579244
2	14	29.386855714898388
2	15	26.79532153941159
2	16	16.62815365834106
2	17	13.161486991674392
2	18	23.386124345086692
2	19	18.970215954553638
2	20	24.23816219872623
2	21	23.521517065544135
2	22	30.366257657123207
2	23	26.639013946415208
2	24	22.800911413585972
2	25	20.612276346520165
2	26	35.32827813415108
2	27	32.73941308895806
2	28	38.013275304333845
2	29	34.01105369905288
2	30	9.94475252107179
2	31	7.1013499340987565
2	32	13.774322519484148
2	33	11.407056033157787
2	34	10.764574359154011
2	35	8.810534542533512
2	36	37.94799350890918
2	37	28.473401104242477
2	38	31.71839053593107
2	39	31.082042933118792
2	40	31.097904622250148
2	41	30.51332922500722
2	42	11.151747243629876
2	43	8.050493017066408
2	44	26.45033856565663
2	45	21.223059689946588
2	46	30.470573586358547
2	47	28.44784756646075
2	48	32.254623097812726
2	49	24.83825814348352
2	50	35.72892263458313
2	51	31.819743830225022
2	52	27.98359349652901
2	53	31.168693351440524
2	54	34.299090617955045
2	55	17.47482914754525
2	56	6.063333968462791
2	57	25.102818331657435
2	58	18.84956238962666
2	59	6.015908782053282
2	60	9.636144687045297
2	61	11.246604325444714
3	0	9.488160347450131
3	1	4.960495045507005
3	2	3.561384111567223
3	3	0.0
3	4	9.20270554273148
3	5	6.184407436713766
3	6	14.047978037743183
3	7	10.598161438574289
3	8	18.31296343001602
3	9	14.317904753705932
3	10	23.09513438044498
3	11	19.248956222876988
3	12	25.26140745958547
3	13	21.57814535201202
3	14	25.825471603331163
3	15	23.233937427844364
3	16	13.066769546773836
3	17	9.600102880107169
3	18	19.82474023351947
3	19	15.408831842986416
3	20	20.676778087159008
3	21	19.960132953976913
3	22	26.804873545555985
3	23	23.077629834847986
3	24	19.23952730201875
3	25	17.050892234952943
3	26	31.76689402258386
3	27	29.17802897739084
3	28	34.451891192766624
3	29	30.449669587485655
3	30	6.383368409504566
3	31	3.5399658225315336
3	32	10.212938407916926
3	33	7.845671921590564
3	34	7.203190247586788
3	35	5.249150430966289
3	36	34.38660939734196
3	37	24.912016992675255
3	38	28.15700642436385
3	39	27.52065882155157
3	40	27.536520510682926
3	41	26.951945113439997
3	42	7.590363132062654
3	43	4.489108905499186
3	44	22.888954454089404
3	45	17.661675578379363
3	46	26.909189474791326
3	47	24.88646345489353
3	48	28.693238986245504
3	49	21.276874031916297
3	50	32.16753852301591
3	51	28.2583597186578
3	52	24.42220938496179
3	53	27.607309239873302
3	54	30.737706506387823
3	55	13.913445035978029
3	56	2.501949856895568
3	57	21.541434220090213
3	58	15.288178278059437
3	59	2.4545246704860597
3	60	6.0747605754780745
3	61	7.685220213877491
4	0	10.033661535810891
4	1	5.505996233867764
4	2	12.764089654298703
4	3	9.20270554273148
4	4	0.0
4	5	3.018298106017714
4	6	12.314713378721736
4	7	8.864896779552842
4	8	16.71691346767153
4	9	12.721854791361444
4	10	21.585251873855064
4	11	17.739073716287074
4	12	23.776558180078762
4	13	20.09329607250531
4	14	24.518371080316356
4	15	21.926836904829557
4	16	22.221784812665607
4	17	18.755118145998942
4	18	28.94442713858373
4	19	24.528518748050676
4	20	29.531181200710016
4	21	28.81453606752792
4	22	35.65927665910699
4	23	31.932032948398994
4	24	28.09393041556976
4	25	25.90529534850395
4	26	37.617382882299424
4	27	35.028517837106406
4	28	38.54654596275983
4	29	34.54432435747886
4	30	15.01154756560787
4	31	12.168144978634839
4	32	19.173344080156966
4	33	16.806077593830608
4	34	16.050222851772496
4	35	14.096183035151997
4	36	40.0545727708957
4	37	30.57998036622901
4	38	30.225339592038242
4	39	29.588991989225956
4	40	31.64788616531483
4	41	31.063310768071897
4	42	16.752558340889763
4	43	13.651304114326294
4	44	21.878942009310222
4	45	16.65166313360018
4	46	28.075268756699167
4	47	24.5971342344218
4	48	28.403909765773776
4	49	20.987544811444568
4	50	31.72148030535346
4	51	27.812301500995353
4	52	23.976151167299342
4	53	33.626841159701804
4	54	30.291648288725376
4	55	12.710856024975213
4	56	6.700755685835912
4	57	30.39583733364122
4	58	24.142581391610445
4	59	11.296620708727902
4	60	14.306471535132868
4	61	15.916931173532285
5	0	7.015363429793177
5	1	2.4876981278500505
5	2	9.74579154828099
5	3	6.184407436713766
5	4	3.018298106017714
5	5	0.0
5	6	9.296415272704023
5	7	5.846598673535128
5	8	13.698615361653818
5	9	9.703556685343731
5	10	18.56695376783735
5	11	14.72077561026936
5	12	20.75826007406105
5	13	17.074997966487597
5	14	21.500072974298643
5	15	18.908538798811843
5	16	19.203486706647894
5	17	15.736820039981227
5	18	25.926129032566017
5	19	21.510220642032962
5	20	26.512883094692302
5	21	25.796237961510208
5	22	32.64097855308928
5	23	28.91373484238128
5	24	25.07563230955204
5	25	22.88699724248624
5	26	34.59908477628171
5	27	32.0102197310887
5	28	35.52824785674211
5	29	31.526026251461143
5	30	11.993249459590157
5	31	9.149846872617125
5	32	16.155045974139256
5	33	13.787779487812893
5	34	13.031924745754782
5	35	11.077884929134283
5	36	37.03627466487799
5	37	27.5616822602113
5	38	27.207041486020533
5	39	26.570693883208246
5	40	28.62958805929712
5	41	28.045012662054187
5	42	13.73426023487205
5	43	10.63300600830858
5	44	18.860643903292512
5	45	13.633365027582467
5	46	25.056970650681457
5	47	21.578836128404088
5	48	25.385611659756062
5	49	17.969246705426855
5	50	28.703182199335746
5	51	24.79400339497764
5	52	20.95785306128163
5	53	30.60854305368409
5	54	27.273350182707663
5	55	9.6925579189575
5	56	3.682457579818198
5	57	27.377539227623508
5	58	21.124283285592732
5	59	8.278322602710189
5	60	11.288173429115155
5	61	12.898633067514572
6	0	16.159606349800587
6	1	11.63194104785746
6	2	17.609362149310407
6	3	14.047978037743183
6	4	12.314713378721736
6	5	9.296415272704023
6	6	0.0
6	7	3.4498165991688947
6	8	11.311541942145649
6	9	7.316483265835561
6	10	16.184883645625774
6	11	12.338705488057784
6	12	18.37752315118679
6	13	14.694261043613338
6	14	19.103632729832714
6	15	16.512098554345915
6	16	27.06705730767731
6	17	23.600390641010645
6	18	33.78969963359543
6	19	29.373791243062378
6	20	32.092653615753086
6	21	31.376008482570995
6	22	33.50300167671038
6	23	29.775757966002388
6	24	32.93920291058146
6	25	30.750567843515654
6	26	32.57027100521698
6	27	29.981405960023963
6	28	33.52448694188747
6	29	29.522265336606495
6	30	19.856820060619576
6	31	17.01341747364654
6	32	24.01861657516867
6	33	21.65135008884231
6	34	20.8954953467842
6	35	18.9414555301637
6	36	34.711353641511565
6	37	25.23676123684487
6	38	24.882120462654104
6	39	24.245772859841818
6	40	26.30466703593069
6	41	25.72009163868776
6	42	21.59783083590147
6	43	18.496576609338
6	44	16.535722879926084
6	45	11.30844400421604
6	46	22.73204962731503
6	47	19.57507521354944
6	48	23.38185074490141
6	49	15.965485790572204
6	50	26.548240893060406
6	51	22.6390620887023
6	52	18.80291175500629
6	53	28.410686222506424
6	54	25.118408876432323
6	55	7.3722748860529865
6	56	11.546028180847616
6	57	29.13266688149981
6	58	28.987853886622148
6	59	16.141893203739606
6	60	19.15174403014457
6	61	20.762203668543986
7	0	12.709789750631693
7	1	8.182124448688565
7	2	14.159545550141512
7	3	10.598161438574289
7	4	8.864896779552842
7	5	5.846598673535128
7	6	3.4498165991688947
7	7	0.0
7	8	7.861725342976754
7	9	3.866666666666667
7	10	12.73506704645688
7	11	8.88888888888889
7	12	14.927706552017897
7	13	11.244444444444444
7	14	15.65381613066382
7	15	13.06228195517702
7	16	23.61724070850842
7	17	20.15057404184175
7	18	30.339883034426542
7	19	25.923974643893487
7	20	28.642837016584192
7	21	27.926191883402097
7	22	30.053185077541492
7	23	26.325941366833494
7	24	29.489386311412566
7	25	27.300751244346763
7	26	29.120454406048083
7	27	26.53158936085507
7	28	30.07467034271857
7	29	26.072448737437597
7	30	16.407003461450678
7	31	13.563600874477647
7	32	20.568799975999777
7	33	18.201533489673416
7	34	17.445678747615304
7	35	15.491638930994807
7	36	31.261537042342674
7	37	21.786944637675976
7	38	21.43230386348521
7	39	20.795956260672924
7	40	22.854850436761797
7	41	22.270275039518864
7	42	18.14801423673257
7	43	15.046760010169105
7	44	13.08590628075719
7	45	7.858627405047146
7	46	19.282233028146134
7	47	16.125258614380545
7	48	19.932034145732516
7	49	12.51566919140331
7	50	23.09842429389151
7	51	19.189245489533405
7	52	15.353095155837394
7	53	24.96086962333753
7	54	21.66859227726343
7	55	3.922458286884092
7	56	8.096211581678721
7	57	25.682850282330914
7	58	25.538037287453257
7	59	12.692076604570712
7	60	15.701927430975676
7	61	17.31238706937509
8	0	20.570120090543195
8	1	16.042454788600068
8	2	21.87434754158324
8	3	18.31296343001602
8	4	16.71691346767153
8	5	13.698615361653818
8	6	11.311541942145649
8	7	7.861725342976754
8	8	0.0
8	9	3.9950586763100873
8	10	12.8634590561003
8	11	9.01728089853231
8	12	15.056098561661317
8	13	11.372836454087864
8	14	15.799037467775271
8	15	13.207503292288472
8	16	31.332042699950147
8	17	27.865376033283482
8	18	38.05468502586827
8	19	33.63877663533522
8	20	29.094730010136324
8	21	28.378084876954233
8	22	30.50507807109362
8	23	26.777834360385626
8	24	32.85690740000189
8	25	30.668272332936084
8	26	29.572347399600215
8	27	26.9834823544072
8	28	30.95708009365992
8	29	26.954858488378946
8	30	24.12180545289241
8	31	21.27840286591938
8	32	28.283601967441506
8	33	25.916335481115148
8	34	25.160480739057036
8	35	23.206440922436535
8	36	31.713430035894806
8	37	22.238837631228108
8	38	21.88419685703734
8	39	21.247849254225056
8	40	23.30674343031393
8	41	22.722168033070997
8	42	25.862816228174303
8	43	22.761562001610834
8	44	13.537799274309323
8	45	8.31052039859928
8	46	19.734126021698266
8	47	17.00766836532189
8	48	20.81444389667386
8	49	13.398078942344656
8	50	23.68801013063893
8	51	19.778831326280823
8	52	15.94268099258481
8	53	25.412762616889662
8	54	22.258178114010846
8	55	5.340191649680891
8	56	15.811013573120452
8	57	26.134743275883046
8	58	31.355137218430155
8	59	20.40687859601244
8	60	23.416729422417408
8	61	25.027189060816823
9	0	16.575061414233108
9	1	12.047396112289983
9	2	17.879288865273153
9	3	14.317904753705932
9	4	12.721854791361444
9	5	9.703556685343731
9	6	7.316483265835561
9	7	3.866666666666667
9	8	3.9950586763100873
9	9	0.0
9	10	8.868400379790213
9	11	5.022222222222222
9	12	11.06103988535123
9	13	7.377777777777776
9	14	11.803978791465184
9	15	9.212444615978384
9	16	27.33698402364006
9	17	23.870317356973395
9	18	34.05962634955819
9	19	29.64371795902513
9	20	25.09967133382624
9	21	24.383026200644146
9	22	26.51001939478354
9	23	22.782775684075542
9	24	28.8618487236918
9	25	26.673213656625997
9	26	25.57728872329013
9	27	22.988423678097117
9	28	26.96202141734983
9	29	22.95979981206886
9	30	20.126746776582323
9	31	17.28334418960929
9	32	24.28854329113142
9	33	21.92127680480506
9	34	21.16542206274695
9	35	19.211382246126448
9	36	27.718371359584722
9	37	18.243778954918024
9	38	17.889138180727258
9	39	17.252790577914972
9	40	19.311684754003846
9	41	18.727109356760913
9	42	21.867757551864216
9	43	18.766503325300746
9	44	9.542740597999238
9	45	4.315461722289194
9	46	15.739067345388182
9	47	13.012609689011802
9	48	16.819385220363774
9	49	9.403020266034568
9	50	19.692951454328842
9	51	15.783772649970734
9	52	11.947622316274723
9	53	21.417703940579578
9	54	18.26311943770076
9	55	1.3451329733708037
9	56	11.815954896810364
9	57	22.139684599572963
9	58	27.36007854212007
9	59	16.411819919702353
9	60	19.42167074610732
9	61	21.032130384506736
10	0	25.442593332370066
10	1	20.91492803042694
10	2	26.656518492012204
10	3	23.09513438044498
10	4	21.585251873855064
10	5	18.56695376783735
10	6	16.184883645625774
10	7	12.73506704645688
10	8	12.8634590561003
10	9	8.868400379790213
10	10	0.0
10	11	3.84617815756799
10	12	9.884995820696997
10	13	6.201733713123544
10	14	10.695573617320562
10	15	8.104039441833763
10	16	36.11421365037911
10	17	32.64754698371244
10	18	38.52478357009899
10	19	34.10887517956594
10	20	27.321020812245536
10	21	26.604375679063445
10	22	28.731368873202833
10	23	25.004125162494837
10	24	31.0831982021111
10	25	28.894563135045296
10	26	27.14268289508951
10	27	24.553817849896497
10	28	28.07184597554992
10	29	24.069624370268947
10	30	28.90397640332137
10	31	26.060573816348338
10	32	33.06577291787047
10	33	30.698506431544104
10	34	29.942651689485995
10	35	27.988611872865498
10	36	29.939720838004018
10	37	20.46512843333732
10	38	20.110487659146553
10	39	19.474140056334267
10	40	21.53303423242314
10	41	20.948458835180208
10	42	30.644987178603262
10	43	27.543732952039793
10	44	11.764090076418531
10	45	6.536811200708488
10	46	17.960416823807478
10	47	14.122434247211892
10	48	17.929209778563866
10	49	10.512844824234659
10	50	19.754295490296226
10	51	15.84511668593812
10	52	12.008966352242108
10	53	23.152141172491895
10	54	18.324463473668143
10	55	9.214397394687294
10	56	20.59318452354941
10	57	24.361034077992258
10	58	29.581428020539366
10	59	25.189049546441403
10	60	28.198900372846367
10	61	29.809360011245783
11	0	21.596415174802075
11	1	17.068749872858948
11	2	22.810340334444213
11	3	19.248956222876988
11	4	17.739073716287074
11	5	14.72077561026936
11	6	12.338705488057784
11	7	8.88888888888889
11	8	9.01728089853231
11	9	5.022222222222222
11	10	3.84617815756799
11	11	0.0
11	12	6.038817663129008
11	13	2.3555555555555543
11	14	6.8493954597525715
11	15	4.257861284265773
11	16	32.268035492811116
11	17	28.801368826144447
11	18	34.678605412531
11	19	30.262697021997944
11	20	23.474842654677545
11	21	22.75819752149545
11	22	24.88519071563484
11	23	21.157947004926843
11	24	27.237020044543105
11	25	25.0483849774773
11	26	23.29650473752152
11	27	20.707639692328506
11	28	24.22566781798193
11	29	20.223446212700956
11	30	25.05779824575338
11	31	22.214395658780347
11	32	29.219594760302478
11	33	26.852328273976113
11	34	26.096473531918004
11	35	24.142433715297507
11	36	26.093542680436023
11	37	16.61895027576933
11	38	16.26430950157856
11	39	15.627961898766277
11	40	17.686856074855147
11	41	17.102280677612217
11	42	26.79880902103527
11	43	23.697554794471802
11	44	7.917911918850541
11	45	2.690633043140498
11	46	14.114238666239485
11	47	10.276256089643901
11	48	14.083031620995875
11	49	6.666666666666668
11	50	15.908117332728235
11	51	11.998938528370129
11	52	8.162788194674118
11	53	19.305963014923904
11	54	14.478285316100152
11	55	5.3682192371193045
11	56	16.74700636598142
11	57	20.514855920424264
11	58	25.735249862971372
11	59	21.342871388873412
11	60	24.352722215278376
11	61	25.963181853677792
12	0	27.634980209086855
12	1	23.107314907143728
12	2	28.822791571152692
12	3	25.26140745958547
12	4	23.776558180078762
12	5	20.75826007406105
12	6	18.37752315118679
12	7	14.927706552017897
12	8	15.056098561661317
12	9	11.06103988535123
12	10	9.884995820696997
12	11	6.038817663129008
12	12	0.0
12	13	3.683262107573453
12	14	8.325511304404133
12	15	5.733977128917334
12	16	38.280486729519595
12	17	34.81382006285293
12	18	40.062021689489626
12	19	35.64611329895658
12	20	28.858258931636172
12	21	28.14161379845408
12	22	30.26860699259347
12	23	26.541363281885474
12	24	32.620436321501735
12	25	30.431801254435932
12	26	26.73174585689343
12	27	24.142880811700415
12	28	27.660908937353838
12	29	23.658687332072866
12	30	31.07024948246186
12	31	28.22684689548883
12	32	35.23204599701096
12	33	32.8647795106846
12	34	32.10892476862649
12	35	30.154884952005986
12	36	31.476958957394654
12	37	22.002366552727956
12	38	21.64772577853719
12	39	21.011378175724904
12	40	23.070272351813777
12	41	22.485696954570844
12	42	32.811260257743754
12	43	29.710006031180285
12	44	13.301328195809171
12	45	8.074049320099128
12	46	19.497654943198114
12	47	13.71149720901581
12	48	17.518272740367784
12	49	10.101907786038577
12	50	18.379139674117955
12	51	14.469960869759849
12	52	10.633810536063837
12	53	22.741204134295813
12	54	16.94930765748987
12	55	11.355562774965481
12	56	22.759457602689903
12	57	25.898272197382894
12	58	31.118666139930003
12	59	27.35532262558189
12	60	30.36517345198686
12	61	31.975633090386275
13	0	23.951718101513404
13	1	19.424052799570276
13	2	25.139529463579244
13	3	21.57814535201202
13	4	20.09329607250531
13	5	17.074997966487597
13	6	14.694261043613338
13	7	11.244444444444444
13	8	11.372836454087864
13	9	7.377777777777776
13	10	6.201733713123544
13	11	2.3555555555555543
13	12	3.683262107573453
13	13	0.0
13	14	4.642249196830679
13	15	2.050715021343881
13	16	34.59722462194615
13	17	31.130557955279478
13	18	36.37875958191618
13	19	31.962851191383123
13	20	25.17499682406272
13	21	24.458351690880626
13	22	26.58534488502002
13	23	22.858101174312022
13	24	28.93717421392828
13	25	26.748539146862477
13	26	23.048483749319978
13	27	20.459618704126964
13	28	23.977646829780387
13	29	19.975425224499414
13	30	27.38698737488841
13	31	24.54358478791538
13	32	31.54878388943751
13	33	29.181517403111144
13	34	28.425662661053035
13	35	26.471622844432538
13	36	27.793696849821202
13	37	18.319104445154505
13	38	17.964463670963738
13	39	17.328116068151452
13	40	19.387010244240326
13	41	18.802434846997393
13	42	29.127998150170303
13	43	26.026743923606833
13	44	9.618066088235718
13	45	4.390787212525675
13	46	15.814392835624663
13	47	10.028235101442359
13	48	13.835010632794331
13	49	6.418645678465125
13	50	14.695877566544503
13	51	10.786698762186397
13	52	6.950548428490385
13	53	19.057942026722362
13	54	13.26604554991642
13	55	7.672300667392028
13	56	19.07619549511645
13	57	22.215010089809443
13	58	27.43540403235655
13	59	23.672060518008443
13	60	26.681911344413408
13	61	28.292370982812823
14	0	28.332658983072353
14	1	23.804993681129226
14	2	29.386855714898388
14	3	25.825471603331163
14	4	24.518371080316356
14	5	21.500072974298643
14	6	19.103632729832714
14	7	15.65381613066382
14	8	15.799037467775271
14	9	11.803978791465184
14	10	10.695573617320562
14	11	6.8493954597525715
14	12	8.325511304404133
14	13	4.642249196830679
14	14	0.0
14	15	2.5915341754867987
14	16	38.84455087326529
14	17	35.37788420659862
14	18	40.23932811864741
14	19	35.82341972811436
14	20	29.035565360793953
14	21	28.318920227611862
14	22	29.57464004913833
14	23	25.84739633843033
14	24	32.797742750659516
14	25	30.609107683593713
14	26	25.057318750974662
14	27	22.46845370578165
14	28	25.221661524997323
14	29	21.21943991971635
14	30	31.634313626207554
14	31	28.790911039234523
14	32	35.79611014075665
14	33	33.42884365443029
14	34	32.672988912372176
14	35	30.718949095751682
14	36	31.654265386552435
14	37	22.179672981885737
14	38	21.82503220769497
14	39	21.188684604882685
14	40	23.24757878097156
14	41	22.663003383728626
14	42	33.37532440148945
14	43	30.274070174925978
14	44	13.478634624966952
14	45	8.25135574925691
14	46	19.674961372355895
14	47	12.037070103097044
14	48	15.843845634449018
14	49	8.42748068011981
14	50	15.795031956801367
14	51	11.88585315244326
14	52	8.04970281874725
14	53	21.066777028377047
14	54	14.365199940173284
14	55	11.930051254475725
14	56	23.323521746435596
14	57	26.075578626540675
14	58	31.295972569087784
14	59	27.919386769327588
14	60	30.929237595732552
14	61	32.53969723413197
15	0	25.741124807585553
15	1	21.213459505642426
15	2	26.79532153941159
15	3	23.233937427844364
15	4	21.926836904829557
15	5	18.908538798811843
15	6	16.512098554345915
15	7	13.06228195517702
15	8	13.207503292288472
15	9	9.212444615978384
15	10	8.104039441833763
15	11	4.257861284265773
15	12	5.733977128917334
15	13	2.050715021343881
15	14	2.5915341754867987
15	15	0.0
15	16	36.25301669777849
15	17	32.78635003111182
15	18	37.64779394316061
15	19	33.23188555262756
15	20	26.444031185307153
15	21	25.727386052125063
15	22	26.98310587365153
15	23	23.25586216294353
15	24	30.206208575172717
15	25	28.017573508106913
15	26	22.465784575487863
15	27	19.87691953029485
15	28	22.630127349510524
15	29	18.62790574422955
15	30	29.042779450720754
15	31	26.199376863747723
15	32	33.204575965269854
15	33	30.83730947894349
15	34	30.08145473688538
15	35	28.127414920264883
15	36	29.062731211065636
15	37	19.588138806398938
15	38	19.23349803220817
15	39	18.597150429395885
15	40	20.65604460548476
15	41	20.071469208241826
15	42	30.783790226002647
15	43	27.682535999439178
15	44	10.887100449480153
15	45	5.65982157377011
15	46	17.083427196869096
15	47	9.445535927610246
15	48	13.252311458962218
15	49	5.835946504633012
15	50	13.203497781314567
15	51	9.294318976956461
15	52	5.45816864326045
15	53	18.475242852890247
15	54	11.773665764686484
15	55	9.338517078988927
15	56	20.731987570948796
15	57	23.484044451053876
15	58	28.704438393600984
15	59	25.327852593840788
15	60	28.337703420245752
15	61	29.948163058645168
16	0	22.507239617384258
16	1	17.979574315441134
16	2	16.62815365834106
16	3	13.066769546773836
16	4	22.221784812665607
16	5	19.203486706647894
16	6	27.06705730767731
16	7	23.61724070850842
16	8	31.332042699950147
16	9	27.33698402364006
16	10	36.11421365037911
16	11	32.268035492811116
16	12	38.280486729519595
16	13	34.59722462194615
16	14	38.84455087326529
16	15	36.25301669777849
16	16	0.0
16	17	3.466666666666667
16	18	13.735251979813324
16	19	9.319343589280269
16	20	15.971375830299724
16	21	15.254730697117633
16	22	22.099471288696705
16	23	18.372227577988706
16	24	14.534125045159467
16	25	12.345489978093664
16	26	27.061491765724575
16	27	24.472626720531558
16	28	29.746488935907344
16	29	25.74426733062637
16	30	13.492627001578045
16	31	10.649224414605012
16	32	8.883806657757075
16	33	6.516540171430714
16	34	10.732143014461323
16	35	8.778103197840824
16	36	29.68120714048267
16	37	20.206614735815975
16	38	23.45160416750457
16	39	22.815256564692287
16	40	22.831118253823647
16	41	22.246542856580717
16	42	11.679032004341245
16	43	8.577777777777778
16	44	28.43615989098381
16	45	30.68075484831349
16	46	22.203787217932046
16	47	32.187799651799054
16	48	28.12483837694205
16	49	34.295953301850425
16	50	30.1697628150364
16	51	33.94677619013771
16	52	36.24183127990992
16	53	22.901906983014023
16	54	36.426122977867735
16	55	26.932524305912157
16	56	15.521029126829696
16	57	16.83603196323093
16	58	10.582776021200155
16	59	11.080169940374862
16	60	13.280036231817173
16	61	14.89049587021659
17	0	19.040572950717593
17	1	14.512907648774465
17	2	13.161486991674392
17	3	9.600102880107169
17	4	18.755118145998942
17	5	15.736820039981227
17	6	23.600390641010645
17	7	20.15057404184175
17	8	27.865376033283482
17	9	23.870317356973395
17	10	32.64754698371244
17	11	28.801368826144447
17	12	34.81382006285293
17	13	31.130557955279478
17	14	35.37788420659862
17	15	32.78635003111182
17	16	3.466666666666667
17	17	0.0
17	18	10.268585313146659
17	19	5.852676922613603
17	20	12.50470916363306
17	21	11.788064030450965
17	22	18.632804622030037
17	23	14.905560911322038
17	24	11.0674583784928
17	25	8.878823311426997
17	26	23.59482509905791
17	27	21.005960053864893
17	28	26.27982226924068
17	29	22.277600663959706
17	30	10.025960334911378
17	31	7.182557747938345
17	32	5.417139991090409
17	33	3.049873504764047
17	34	7.265476347794657
17	35	5.311436531174158
17	36	26.214540473816005
17	37	16.739948069149307
17	38	19.9849375008379
17	39	19.348589898025622
17	40	19.364451587156978
17	41	18.77987618991405
17	42	8.212365337674578
17	43	5.111111111111111
17	44	24.969493224317144
17	45	27.214088181646822
17	46	18.737120551265377
17	47	28.72113298513239
17	48	24.658171710275386
17	49	30.829286635183756
17	50	26.703096148369735
17	51	30.480109523471047
17	52	32.77516461324325
17	53	19.435240316347354
17	54	32.959456311201066
17	55	23.465857639245492
17	56	12.054362460163029
17	57	13.369365296564265
17	58	7.116109354533489
17	59	7.613503273708195
17	60	9.813369565150506
17	61	11.423829203549923
18	0	29.22988194330238
18	1	24.702216641359257
18	2	23.386124345086692
18	3	19.82474023351947
18	4	28.94442713858373
18	5	25.926129032566017
18	6	33.78969963359543
18	7	30.339883034426542
18	8	38.05468502586827
18	9	34.05962634955819
18	10	38.52478357009899
18	11	34.678605412531
18	12	40.062021689489626
18	13	36.37875958191618
18	14	40.23932811864741
18	15	37.64779394316061
18	16	13.735251979813324
18	17	10.268585313146659
18	18	0.0
18	19	4.415908390533055
18	20	14.331955358659197
18	21	13.615310225477103
18	22	20.460050817056175
18	23	16.732807106348176
18	24	12.894704573518938
18	25	10.706069506453135
18	26	25.42207129408405
18	27	22.83320624889103
18	28	28.107068464266817
18	29	24.104846858985844
18	30	19.942730697852376
18	31	17.099328110879345
18	32	14.754729243000671
18	33	12.38746275667431
18	34	17.064818328551958
18	35	15.110778511931457
18	36	28.041786668842143
18	37	18.56719426417545
18	38	21.812183695864043
18	39	21.175836093051757
18	40	21.19169778218312
18	41	20.607122384940187
18	42	18.445978305252265
18	43	15.344724078688795
18	44	26.796739419343282
18	45	31.987972369390505
18	46	20.564366746291515
18	47	30.548379180158527
18	48	26.485417905301524
18	49	33.90178285963073
18	50	28.530342343395873
18	51	32.307355718497185
18	52	34.60241080826939
18	53	21.262486511373496
18	54	34.78670250622721
18	55	33.655166631830284
18	56	22.24367145274782
18	57	15.196611491590403
18	58	8.943355549559627
18	59	17.708438549411436
18	60	19.660935914205517
18	61	21.271395552604933
19	0	24.813973552769326
19	1	20.286308250826202
19	2	18.970215954553638
19	3	15.408831842986416
19	4	24.528518748050676
19	5	21.510220642032962
19	6	29.373791243062378
19	7	25.923974643893487
19	8	33.63877663533522
19	9	29.64371795902513
19	10	34.10887517956594
19	11	30.262697021997944
19	12	35.64611329895658
19	13	31.962851191383123
19	14	35.82341972811436
19	15	33.23188555262756
19	16	9.319343589280269
19	17	5.852676922613603
19	18	4.415908390533055
19	19	0.0
19	20	9.916046968126143
19	21	9.199401834944048
19	22	16.04414242652312
19	23	12.316898715815121
19	24	8.478796182985883
19	25	6.290161115920079
19	26	21.006162903550994
19	27	18.417297858357976
19	28	23.691160073733762
19	29	19.68893846845279
19	30	15.526822307319323
19	31	12.68341972034629
19	32	10.338820852467617
19	33	7.9715543661412545
19	34	12.648909938018901
19	35	10.694870121398402
19	36	23.625878278309088
19	37	14.151285873642392
19	38	17.396275305330988
19	39	16.759927702518702
19	40	16.775789391650065
19	41	16.191213994407132
19	42	14.030069914719208
19	43	10.92881568815574
19	44	22.380831028810228
19	45	27.57206397885745
19	46	16.14845835575846
19	47	26.132470789625472
19	48	22.06950951476847
19	49	29.485874469097674
19	50	24.114433952862818
19	51	27.89144732796413
19	52	30.186502417736335
19	53	16.84657812084044
19	54	30.370794115694153
19	55	29.239258241297225
19	56	17.827763062214764
19	57	10.780703101057348
19	58	4.527447159026572
19	59	13.292530158878382
19	60	15.24502752367246
19	61	16.855487162071878
20	0	29.816636005428666
20	1	25.288970703485543
20	2	24.23816219872623
20	3	20.676778087159008
20	4	29.531181200710016
20	5	26.512883094692302
20	6	32.092653615753086
20	7	28.642837016584192
20	8	29.094730010136324
20	9	25.09967133382624
20	10	27.321020812245536
20	11	23.474842654677545
20	12	28.858258931636172
20	13	25.17499682406272
20	14	29.035565360793953
20	15	26.444031185307153
20	16	15.971375830299724
20	17	12.50470916363306
20	18	14.331955358659197
20	19	9.916046968126143
20	20	0.0
20	21	0.7166451331820924
20	22	7.599444399445646
20	23	3.8722006887376477
20	24	6.016708755481165
20	25	3.828073688415361
20	26	12.731337556745363
20	27	10.142472511552347
20	28	15.416334726928131
20	29	11.414113121647159
20	30	20.21066655622537
20	31	17.36726396925234
20	32	15.233767895853621
20	33	12.86650140952726
20	34	17.405749127236298
20	35	15.451709310615797
20	36	16.41377721229041
20	37	6.939184807623711
20	38	10.122186851310715
20	39	9.485839248498433
20	40	9.046549668479138
20	41	8.461974271236206
20	42	19.66663773345197
20	43	16.565383506888505
20	44	15.592976661489827
20	45	20.784209611537044
20	46	9.360603988438058
20	47	17.857645442819845
20	48	13.79468416796284
20	49	21.211049122292046
20	50	15.839608606057187
20	51	19.6166219811585
20	52	21.911677070930708
20	53	8.57175277403481
20	54	22.095968768888522
20	55	24.72951468196765
20	56	22.830425514874104
20	57	2.9802596359815308
20	58	5.38859980909957
20	59	18.276645758546742
20	60	22.23022959446062
20	61	23.840689232860036
21	0	29.099990872246572
21	1	24.572325570303448
21	2	23.521517065544135
21	3	19.960132953976913
21	4	28.81453606752792
21	5	25.796237961510208
21	6	31.376008482570995
21	7	27.926191883402097
21	8	28.378084876954233
21	9	24.383026200644146
21	10	26.604375679063445
21	11	22.75819752149545
21	12	28.14161379845408
21	13	24.458351690880626
21	14	28.318920227611862
21	15	25.727386052125063
21	16	15.254730697117633
21	17	11.788064030450965
21	18	13.615310225477103
21	19	9.199401834944048
21	20	0.7166451331820924
21	21	0.0
21	22	6.882799266263554
21	23	3.155555555555555
21	24	5.3000636222990725
21	25	3.1114285552332688
21	26	12.01469242356327
21	27	9.425827378370254
21	28	14.69968959374604
21	29	10.697467988465068
21	30	19.49402142304328
21	31	16.650618836070244
21	32	14.51712276267153
21	33	12.149856276345169
21	34	16.689103994054204
21	35	14.735064177433706
21	36	15.697132079108316
21	37	6.222539674441618
21	38	9.405541718128623
21	39	8.76919411531634
21	40	8.329904535297045
21	41	7.745329138054114
21	42	18.94999260026988
21	43	15.84873837370641
21	44	14.876331528307734
21	45	20.067564478354953
21	46	8.643958855255965
21	47	17.141000309637754
21	48	13.078039034780748
21	49	20.494403989109955
21	50	15.122963472875094
21	51	18.899976847976404
21	52	21.195031937748617
21	53	7.855107640852717
21	54	21.379323635706427
21	55	24.01286954878556
21	56	22.11378038169201
21	57	2.263614502799438
21	58	4.671954675917477
21	59	17.56000062536465
21	60	21.513584461278526
21	61	23.124044099677942
22	0	35.94473146382565
22	1	31.41706616188252
22	2	30.366257657123207
22	3	26.804873545555985
22	4	35.65927665910699
22	5	32.64097855308928
22	6	33.50300167671038
22	7	30.053185077541492
22	8	30.50507807109362
22	9	26.51001939478354
22	10	28.731368873202833
22	11	24.88519071563484
22	12	30.26860699259347
22	13	26.58534488502002
22	14	29.57464004913833
22	15	26.98310587365153
22	16	22.099471288696705
22	17	18.632804622030037
22	18	20.460050817056175
22	19	16.04414242652312
22	20	7.599444399445646
22	21	6.882799266263554
22	22	0.0
22	23	3.7272437107079983
22	24	12.182703046871593
22	25	9.99406797980579
22	26	12.667447803471836
22	27	10.07858275827882
22	28	15.352444973654606
22	29	11.350223368373634
22	30	26.338762014622347
22	31	23.495359427649316
22	32	21.361863354250602
22	33	18.994596867924237
22	34	23.533844585633275
22	35	21.579804769012775
22	36	17.77443296785455
22	37	8.299840563187852
22	38	11.034552893012531
22	39	10.398205290200249
22	40	9.56473129261127
22	41	8.98015589536834
22	42	25.794733191848948
22	43	22.693478965285482
22	44	17.003324722447125
22	45	22.194557672494344
22	46	10.770952049395357
22	47	17.793755689546316
22	48	13.730794414689313
22	49	21.147159369018517
22	50	15.77571885278366
22	51	19.552732227884974
22	52	21.84778731765718
22	53	8.507863020761283
22	54	22.032079015614997
22	55	26.139862742924947
22	56	28.95852097327108
22	57	5.895932226042374
22	58	11.516695267496548
22	59	24.40474121694372
22	60	28.358325052857598
22	61	29.968784691257014
23	0	32.217487753117645
23	1	27.68982245117452
23	2	26.639013946415208
23	3	23.077629834847986
23	4	31.932032948398994
23	5	28.91373484238128
23	6	29.775757966002388
23	7	26.325941366833494
23	8	26.777834360385626
23	9	22.782775684075542
23	10	25.004125162494837
23	11	21.157947004926843
23	12	26.541363281885474
23	13	22.858101174312022
23	14	25.84739633843033
23	15	23.25586216294353
23	16	18.372227577988706
23	17	14.905560911322038
23	18	16.732807106348176
23	19	12.316898715815121
23	20	3.8722006887376477
23	21	3.155555555555555
23	22	3.7272437107079983
23	23	0.0
23	24	8.455459336163596
23	25	6.266824269097792
23	26	8.940204092763837
23	27	6.351339047570822
23	28	11.625201262946607
23	29	7.622979657665634
23	30	22.61151830391435
23	31	19.768115716941317
23	32	17.634619643542603
23	33	15.267353157216242
23	34	19.806600874925277
23	35	17.85256105830478
23	36	14.04718925714655
23	37	4.572596852479853
23	38	7.307309182304533
23	39	6.67096157949225
23	40	5.837487581903272
23	41	5.252912184660341
23	42	22.067489481140953
23	43	18.966235254577484
23	44	13.276081011739127
23	45	18.467313961786346
23	46	7.043708338687359
23	47	14.066511978838319
23	48	10.003550703981315
23	49	17.419915658310522
23	50	12.048475142075661
23	51	15.825488517176973
23	52	18.120543606949184
23	53	4.780619310053284
23	54	18.304835304906995
23	55	22.412619032216952
23	56	25.231277262563083
23	57	2.168688515334376
23	58	7.78945155678855
23	59	20.677497506235724
23	60	24.6310813421496
23	61	26.241540980549015
24	0	28.379385220288405
24	1	23.85171991834528
24	2	22.800911413585972
24	3	19.23952730201875
24	4	28.09393041556976
24	5	25.07563230955204
24	6	32.93920291058146
24	7	29.489386311412566
24	8	32.85690740000189
24	9	28.8618487236918
24	10	31.0831982021111
24	11	27.237020044543105
24	12	32.620436321501735
24	13	28.93717421392828
24	14	32.797742750659516
24	15	30.206208575172717
24	16	14.534125045159467
24	17	11.0674583784928
24	18	12.894704573518938
24	19	8.478796182985883
24	20	6.016708755481165
24	21	5.3000636222990725
24	22	12.182703046871593
24	23	8.455459336163596
24	24	0.0
24	25	2.1886350670658037
24	26	17.28552716730313
24	27	14.696662122110114
24	28	19.970524337485898
24	29	15.968302732204926
24	30	18.773415771085112
24	31	15.93001318411208
24	32	13.796517110713364
24	33	11.429250624387002
24	34	15.968498342096039
24	35	14.01445852547554
24	36	20.390763008366534
24	37	10.916170603699834
24	38	14.175731815764426
24	39	13.539384212952143
24	40	13.345477936623876
24	41	12.760902539380945
24	42	18.229386948311713
24	43	15.128132721748246
24	44	19.355154051355388
24	45	24.546387001402607
24	46	13.12278137830362
24	47	22.41183505337761
24	48	18.348873778520606
24	49	25.765238732849813
24	50	20.393798216614954
24	51	24.170811591716266
24	52	26.465866681488475
24	53	13.125942384592577
24	54	26.65015837944629
24	55	28.491692071833214
24	56	21.393174729733843
24	57	7.206135305429056
24	58	3.9513490239593114
24	59	16.839394973406485
24	60	20.79297880932036
24	61	22.403438447719775
25	0	26.190750153222602
25	1	21.66308485127948
25	2	20.612276346520165
25	3	17.050892234952943
25	4	25.90529534850395
25	5	22.88699724248624
25	6	30.750567843515654
25	7	27.300751244346763
25	8	30.668272332936084
25	9	26.673213656625997
25	10	28.894563135045296
25	11	25.0483849774773
25	12	30.431801254435932
25	13	26.748539146862477
25	14	30.609107683593713
25	15	28.017573508106913
25	16	12.345489978093664
25	17	8.878823311426997
25	18	10.706069506453135
25	19	6.290161115920079
25	20	3.828073688415361
25	21	3.1114285552332688
25	22	9.99406797980579
25	23	6.266824269097792
25	24	2.1886350670658037
25	25	0.0
25	26	15.096892100237326
25	27	12.50802705504431
25	28	17.781889270420095
25	29	13.779667665139122
25	30	16.58478070401931
25	31	13.741378117046276
25	32	11.60788204364756
25	33	9.240615557321199
25	34	13.779863275030236
25	35	11.825823458409737
25	36	18.20212794130073
25	37	8.727535536634031
25	38	11.987096748698622
25	39	11.35074914588634
25	40	11.156842869558073
25	41	10.572267472315142
25	42	16.04075188124591
25	43	12.939497654682443
25	44	17.166518984289585
25	45	22.357751934336804
25	46	10.934146311237816
25	47	20.22319998631181
25	48	16.160238711454802
25	49	23.57660366578401
25	50	18.20516314954915
25	51	21.982176524650463
25	52	24.27723161442267
25	53	10.937307317526773
25	54	24.461523312380486
25	55	26.30305700476741
25	56	19.20453966266804
25	57	5.017500238363252
25	58	1.7627139568935075
25	59	14.650759906340681
25	60	18.604343742254557
25	61	20.214803380653972
26	0	40.90675194085352
26	1	36.379086638910394
26	2	35.32827813415108
26	3	31.76689402258386
26	4	37.617382882299424
26	5	34.59908477628171
26	6	32.57027100521698
26	7	29.120454406048083
26	8	29.572347399600215
26	9	25.57728872329013
26	10	27.14268289508951
26	11	23.29650473752152
26	12	26.73174585689343
26	13	23.048483749319978
26	14	25.057318750974662
26	15	22.465784575487863
26	16	27.061491765724575
26	17	23.59482509905791
26	18	25.42207129408405
26	19	21.006162903550994
26	20	12.731337556745363
26	21	12.01469242356327
26	22	12.667447803471836
26	23	8.940204092763837
26	24	17.28552716730313
26	25	15.096892100237326
26	26	0.0
26	27	2.588865045193015
26	28	8.919653210017051
26	29	4.917431604736079
26	30	31.300782491650224
26	31	28.45737990467719
26	32	26.323883831278472
26	33	23.956617344952114
26	34	28.49586506266115
26	35	26.541825246040652
26	36	18.133614737961206
26	37	8.659022333294509
26	38	9.183344232620096
26	39	8.546996629807811
26	40	7.434793223093983
26	41	6.850217825851052
26	42	30.756753668876826
26	43	27.655499442313356
26	44	16.070594050953716
26	45	21.261827001000935
26	46	9.838221377901949
26	47	13.27643439138265
26	48	9.213473116525646
26	49	16.629838070854852
26	50	10.464440665934948
26	51	14.516217156833793
26	52	17.08961002392675
26	53	4.159584782710553
26	54	16.995563944563816
26	55	25.20713207143154
26	56	33.920541450298956
26	57	10.25106841475835
26	58	16.478715744524422
26	59	29.366761693971597
26	60	33.32034552988547
26	61	34.93080516828489
27	0	38.3178868956605
27	1	33.790221593717376
27	2	32.73941308895806
27	3	29.17802897739084
27	4	35.028517837106406
27	5	32.0102197310887
27	6	29.981405960023963
27	7	26.53158936085507
27	8	26.9834823544072
27	9	22.988423678097117
27	10	24.553817849896497
27	11	20.707639692328506
27	12	24.142880811700415
27	13	20.459618704126964
27	14	22.46845370578165
27	15	19.87691953029485
27	16	24.472626720531558
27	17	21.005960053864893
27	18	22.83320624889103
27	19	18.417297858357976
27	20	10.142472511552347
27	21	9.425827378370254
27	22	10.07858275827882
27	23	6.351339047570822
27	24	14.696662122110114
27	25	12.50802705504431
27	26	2.588865045193015
27	27	0.0
27	28	6.330788164824036
27	29	2.328566559543064
27	30	28.711917446457207
27	31	25.868514859484172
27	32	23.735018786085455
27	33	21.367752299759097
27	34	25.907000017468132
27	35	23.952960200847635
27	36	15.54474969276819
27	37	6.070157288101495
27	38	6.594479187427081
27	39	5.958131584614797
27	40	4.845928177900968
27	41	4.261352780658037
27	42	28.167888623683808
27	43	25.06663439712034
27	44	13.4817290057607
27	45	18.67296195580792
27	46	7.249356332708933
27	47	10.687569346189637
27	48	6.624608071332632
27	49	14.040973025661838
27	50	7.875575620741934
27	51	11.92735211164078
27	52	14.500744978733735
27	53	1.570719737517538
27	54	14.406698899370802
27	55	22.618267026238527
27	56	31.331676405105938
27	57	7.662203369565335
27	58	13.889850699331404
27	59	26.77789664877858
27	60	30.731480484692455
27	61	32.341940123091874
28	0	41.98864848744003
28	1	37.46098318549691
28	2	38.013275304333845
28	3	34.451891192766624
28	4	38.54654596275983
28	5	35.52824785674211
28	6	33.52448694188747
28	7	30.07467034271857
28	8	30.95708009365992
28	9	26.96202141734983
28	10	28.07184597554992
28	11	24.22566781798193
28	12	27.660908937353838
28	13	23.977646829780387
28	14	25.221661524997323
28	15	22.630127349510524
28	16	29.746488935907344
28	17	26.27982226924068
28	18	28.107068464266817
28	19	23.691160073733762
28	20	15.416334726928131
28	21	14.69968959374604
28	22	15.352444973654606
28	23	11.625201262946607
28	24	19.970524337485898
28	25	17.781889270420095
28	26	8.919653210017051
28	27	6.330788164824036
28	28	0.0
28	29	4.0022216052809725
28	30	33.98577966183299
28	31	31.142377074859958
28	32	29.00888100146124
28	33	26.641614515134883
28	34	31.180862232843918
28	35	29.22682241622342
28	36	20.818611908143975
28	37	11.344019503477279
28	38	11.868341402802866
28	39	11.231993799990581
28	40	10.119790393276752
28	41	9.535214996033822
28	42	33.441750839059594
28	43	30.340496612496125
28	44	18.755591221136484
28	45	22.778716861846384
28	46	12.523218548084717
28	47	14.20559747184306
28	48	10.142636196986055
28	49	17.55900115131526
28	50	9.965897661101362
28	51	14.221061625460598
28	52	17.171958706250074
28	53	6.844581952893322
28	54	16.700408413190623
28	55	26.254338343678125
28	56	36.33392532633599
28	57	12.936065584941119
28	58	19.16371291470719
28	59	32.051758864154365
28	60	36.00534270006824
28	61	37.61580233846766
29	0	37.986426882159066
29	1	33.458761580215935
29	2	34.01105369905288
29	3	30.449669587485655
29	4	34.54432435747886
29	5	31.526026251461143
29	6	29.522265336606495
29	7	26.072448737437597
29	8	26.954858488378946
29	9	22.95979981206886
29	10	24.069624370268947
29	11	20.223446212700956
29	12	23.658687332072866
29	13	19.975425224499414
29	14	21.21943991971635
29	15	18.62790574422955
29	16	25.74426733062637
29	17	22.277600663959706
29	18	24.104846858985844
29	19	19.68893846845279
29	20	11.414113121647159
29	21	10.697467988465068
29	22	11.350223368373634
29	23	7.622979657665634
29	24	15.968302732204926
29	25	13.779667665139122
29	26	4.917431604736079
29	27	2.328566559543064
29	28	4.0022216052809725
29	29	0.0
29	30	29.98355805655202
29	31	27.140155469578986
29	32	25.006659396180268
29	33	22.63939290985391
29	34	27.178640627562945
29	35	25.224600810942448
29	36	16.816390302863002
29	37	7.341797898196306
29	38	7.866119797521892
29	39	7.229772194709609
29	40	6.11756878799578
29	41	5.53299339075285
29	42	29.43952923377862
29	43	26.338275007215152
29	44	14.753369615855512
29	45	18.77649525656541
29	46	8.520996942803745
29	47	10.203375866562087
29	48	6.140414591705083
29	49	13.556779546034289
29	50	5.963676055820389
29	51	10.218840020179625
29	52	13.1697371009691
29	53	2.84236034761235
29	54	12.69818680790965
29	55	22.252116738397152
29	56	32.33170372105502
29	57	8.933843979660146
29	58	15.161491309426218
29	59	28.049537258873393
29	60	32.00312109478727
29	61	33.61358073318669
30	0	15.297002370326522
30	1	10.769337068383395
30	2	9.94475252107179
30	3	6.383368409504566
30	4	15.01154756560787
30	5	11.993249459590157
30	6	19.856820060619576
30	7	16.407003461450678
30	8	24.12180545289241
30	9	20.126746776582323
30	10	28.90397640332137
30	11	25.05779824575338
30	12	31.07024948246186
30	13	27.38698737488841
30	14	31.634313626207554
30	15	29.042779450720754
30	16	13.492627001578045
30	17	10.025960334911378
30	18	19.942730697852376
30	19	15.526822307319323
30	20	20.21066655622537
30	21	19.49402142304328
30	22	26.338762014622347
30	23	22.61151830391435
30	24	18.773415771085112
30	25	16.58478070401931
30	26	31.300782491650224
30	27	28.711917446457207
30	28	33.98577966183299
30	29	29.98355805655202
30	30	0.0
30	31	2.8434025869730326
30	32	9.966432308639995
30	33	7.599165822313633
30	34	6.797442403593532
30	35	4.843402586973033
30	36	33.92049786640832
30	37	24.44590546174162
30	38	27.690894893430215
30	39	27.054547290617933
30	40	27.070408979749292
30	41	26.48583358250636
30	42	8.7280289578656
30	43	5.626774731302132
30	44	28.697796476965795
30	45	23.470517601255754
30	46	26.443077943857688
30	47	30.69530547776992
30	48	32.3641291028677
30	49	27.085716054792687
30	50	34.40905354096205
30	51	34.06720174153419
30	52	30.23105140783818
30	53	27.141197708939668
30	54	36.546548529264214
30	55	19.72228705885442
30	56	8.310791879771958
30	57	21.075322689156575
30	58	14.8220667471258
30	59	3.9903792892453818
30	60	10.952534765656399
30	61	12.562994404055816
31	0	12.45359978335349
31	1	7.925934481410364
31	2	7.1013499340987565
31	3	3.5399658225315336
31	4	12.168144978634839
31	5	9.149846872617125
31	6	17.01341747364654
31	7	13.563600874477647
31	8	21.27840286591938
31	9	17.28334418960929
31	10	26.060573816348338
31	11	22.214395658780347
31	12	28.22684689548883
31	13	24.54358478791538
31	14	28.790911039234523
31	15	26.199376863747723
31	16	10.649224414605012
31	17	7.182557747938345
31	18	17.099328110879345
31	19	12.68341972034629
31	20	17.36726396925234
31	21	16.650618836070244
31	22	23.495359427649316
31	23	19.768115716941317
31	24	15.93001318411208
31	25	13.741378117046276
31	26	28.45737990467719
31	27	25.868514859484172
31	28	31.142377074859958
31	29	27.140155469578986
31	30	2.8434025869730326
31	31	0.0
31	32	7.123029721666962
31	33	4.7557632353406
31	34	3.954039816620499
31	35	2.0
31	36	31.077095279435284
31	37	21.60250287476859
31	38	24.847492306457184
31	39	24.211144703644898
31	40	24.22700639277626
31	41	23.642430995533328
31	42	5.884626370892567
31	43	2.7833721443290993
31	44	25.854393889992764
31	45	20.627115014282722
31	46	23.599675356884656
31	47	27.85190289079689
31	48	29.520726515894665
31	49	24.242313467819656
31	50	31.565650953989014
31	51	31.22379915456116
31	52	27.38764882086515
31	53	24.297795121966637
31	54	33.70314594229118
31	55	16.87888447188139
31	56	5.467389292798926
31	57	18.231920102183544
31	58	11.978664160152768
31	59	1.1469767022723492
31	60	8.109132178683366
31	61	9.719591817082783
32	0	19.45879888487562
32	1	14.931133582932492
32	2	13.774322519484148
32	3	10.212938407916926
32	4	19.173344080156966
32	5	16.155045974139256
32	6	24.01861657516867
32	7	20.568799975999777
32	8	28.283601967441506
32	9	24.28854329113142
32	10	33.06577291787047
32	11	29.219594760302478
32	12	35.23204599701096
32	13	31.54878388943751
32	14	35.79611014075665
32	15	33.204575965269854
32	16	8.883806657757075
32	17	5.417139991090409
32	18	14.754729243000671
32	19	10.338820852467617
32	20	15.233767895853621
32	21	14.51712276267153
32	22	21.361863354250602
32	23	17.634619643542603
32	24	13.796517110713364
32	25	11.60788204364756
32	26	26.323883831278472
32	27	23.735018786085455
32	28	29.00888100146124
32	29	25.006659396180268
32	30	9.966432308639995
32	31	7.123029721666962
32	32	0.0
32	33	2.3672664863263617
32	34	7.077220258133972
32	35	5.1231804415134725
32	36	28.943599206036566
32	37	19.469006801369872
32	38	22.713996233058467
32	39	22.077648630246184
32	40	22.093510319377543
32	41	21.508934922134614
32	42	9.219800329958131
32	43	6.118546103394664
32	44	27.698551956537706
32	45	27.632314115804853
32	46	21.466179283485943
32	47	31.45019171735295
32	48	27.387230442495948
32	49	31.247512569341787
32	50	29.432154880590296
32	51	33.20916825569161
32	52	34.392847922387276
32	53	22.16429904856792
32	54	35.68851504342163
32	55	23.884083573403515
32	56	12.472588394321056
32	57	16.098424028784827
32	58	9.845168086754052
32	59	7.876943719148311
32	60	12.307731239353396
32	61	13.918190877752814
33	0	17.09153239854926
33	1	12.563867096606131
33	2	11.407056033157787
33	3	7.845671921590564
33	4	16.806077593830608
33	5	13.787779487812893
33	6	21.65135008884231
33	7	18.201533489673416
33	8	25.916335481115148
33	9	21.92127680480506
33	10	30.698506431544104
33	11	26.852328273976113
33	12	32.8647795106846
33	13	29.181517403111144
33	14	33.42884365443029
33	15	30.83730947894349
33	16	6.516540171430714
33	17	3.049873504764047
33	18	12.38746275667431
33	19	7.9715543661412545
33	20	12.86650140952726
33	21	12.149856276345169
33	22	18.994596867924237
33	23	15.267353157216242
33	24	11.429250624387002
33	25	9.240615557321199
33	26	23.956617344952114
33	27	21.367752299759097
33	28	26.641614515134883
33	29	22.63939290985391
33	30	7.599165822313633
33	31	4.7557632353406
33	32	2.3672664863263617
33	33	0.0
33	34	4.70995377180761
33	35	2.7559139551871112
33	36	26.57633271971021
33	37	17.10174031504351
33	38	20.346729746732105
33	39	19.710382143919823
33	40	19.726243833051182
33	41	19.14166843580825
33	42	6.85253384363177
33	43	3.7512796170683016
33	44	25.33128547021135
33	45	25.265047629478488
33	46	19.098912797159578
33	47	29.082925231026593
33	48	25.01996395616959
33	49	28.88024608301542
33	50	27.06488839426394
33	51	30.84190176936525
33	52	32.02558143606092
33	53	19.797032562241558
33	54	33.321248557095274
33	55	21.516817087077158
33	56	10.105321907994695
33	57	13.731157542458465
33	58	7.477901600427691
33	59	5.509677232821949
33	60	9.940464753027035
33	61	11.550924391426452
34	0	16.33567765649115
34	1	11.808012354548021
34	2	10.764574359154011
34	3	7.203190247586788
34	4	16.050222851772496
34	5	13.031924745754782
34	6	20.8954953467842
34	7	17.445678747615304
34	8	25.160480739057036
34	9	21.16542206274695
34	10	29.942651689485995
34	11	26.096473531918004
34	12	32.10892476862649
34	13	28.425662661053035
34	14	32.672988912372176
34	15	30.08145473688538
34	16	10.732143014461323
34	17	7.265476347794657
34	18	17.064818328551958
34	19	12.648909938018901
34	20	17.405749127236298
34	21	16.689103994054204
34	22	23.533844585633275
34	23	19.806600874925277
34	24	15.968498342096039
34	25	13.779863275030236
34	26	28.49586506266115
34	27	25.907000017468132
34	28	31.180862232843918
34	29	27.178640627562945
34	30	6.797442403593532
34	31	3.954039816620499
34	32	7.077220258133972
34	33	4.70995377180761
34	34	0.0
34	35	1.9540398166204993
34	36	31.115580437419244
34	37	21.640988032752546
34	38	24.88597746444114
34	39	24.24962986162886
34	40	24.265491550760217
34	41	23.680916153517288
34	42	7.249337607130187
34	43	4.148083380566719
34	44	29.73647176313042
34	45	24.50919288742038
34	46	23.638160514868616
34	47	31.733980763934547
34	48	29.559211673878625
34	49	28.124391340957313
34	50	31.604136111972974
34	51	35.10587702769882
34	52	31.269726694002806
34	53	24.336280279950593
34	54	37.58522381542884
34	55	20.760962345019045
34	56	9.349467165936584
34	57	18.270405260167504
34	58	12.017149318136727
34	59	4.779322496676109
34	60	10.547462509601853
34	61	12.157922148001271
35	0	14.381637839870649
35	1	9.853972537927522
35	2	8.810534542533512
35	3	5.249150430966289
35	4	14.096183035151997
35	5	11.077884929134283
35	6	18.9414555301637
35	7	15.491638930994807
35	8	23.206440922436535
35	9	19.211382246126448
35	10	27.988611872865498
35	11	24.142433715297507
35	12	30.154884952005986
35	13	26.471622844432538
35	14	30.718949095751682
35	15	28.127414920264883
35	16	8.778103197840824
35	17	5.311436531174158
35	18	15.110778511931457
35	19	10.694870121398402
35	20	15.451709310615797
35	21	14.735064177433706
35	22	21.579804769012775
35	23	17.85256105830478
35	24	14.01445852547554
35	25	11.825823458409737
35	26	26.541825246040652
35	27	23.952960200847635
35	28	29.22682241622342
35	29	25.224600810942448
35	30	4.843402586973033
35	31	2.0
35	32	5.1231804415134725
35	33	2.7559139551871112
35	34	1.9540398166204993
35	35	0.0
35	36	29.161540620798746
35	37	19.68694821613205
35	38	22.931937647820643
35	39	22.29559004500836
35	40	22.31145173413972
35	41	21.726876336896787
35	42	5.295297790509688
35	43	2.19404356394622
35	44	27.782431946509924
35	45	22.555153070799882
35	46	21.684120698248115
35	47	29.779940947314046
35	48	27.605171857258128
35	49	26.170351524336816
35	50	29.650096295352476
35	51	33.151837211078316
35	52	29.315686877382305
35	53	22.382240463330096
35	54	35.63118399880834
35	55	18.806922528398545
35	56	7.395427349316085
35	57	16.316365443547003
35	58	10.063109501516228
35	59	2.8252826800556097
35	60	8.593422692981354
35	61	10.203882331380772
36	0	43.52646731561161
36	1	38.99880201366849
36	2	37.94799350890918
36	3	34.38660939734196
36	4	40.0545727708957
36	5	37.03627466487799
36	6	34.711353641511565
36	7	31.261537042342674
36	8	31.713430035894806
36	9	27.718371359584722
36	10	29.939720838004018
36	11	26.093542680436023
36	12	31.476958957394654
36	13	27.793696849821202
36	14	31.654265386552435
36	15	29.062731211065636
36	16	29.68120714048267
36	17	26.214540473816005
36	18	28.041786668842143
36	19	23.625878278309088
36	20	16.41377721229041
36	21	15.697132079108316
36	22	17.77443296785455
36	23	14.04718925714655
36	24	20.390763008366534
36	25	18.20212794130073
36	26	18.133614737961206
36	27	15.54474969276819
36	28	20.818611908143975
36	29	16.816390302863002
36	30	33.92049786640832
36	31	31.077095279435284
36	32	28.943599206036566
36	33	26.57633271971021
36	34	31.115580437419244
36	35	29.161540620798746
36	36	0.0
36	37	9.474592404666698
36	38	12.73579744040936
36	39	12.099449837597078
36	40	12.431019191087643
36	41	11.846443793844712
36	42	33.37646904363492
36	43	30.27521481707145
36	44	18.211676687248307
36	45	23.40290963729553
36	46	11.97930401419654
36	47	23.25992262403569
36	48	19.196961349178686
36	49	26.61332630350789
36	50	21.24188578727303
36	51	25.018899162374343
36	52	27.31395425214655
36	53	13.974029955250654
36	54	27.498245950104366
36	55	27.348214707726132
36	56	36.54025682505705
36	57	13.434889188657003
36	58	19.098431119282516
36	59	31.98647706872969
36	60	35.940060904643566
36	61	37.550520543042985
37	0	34.05187491094492
37	1	29.524209609001794
37	2	28.473401104242477
37	3	24.912016992675255
37	4	30.57998036622901
37	5	27.5616822602113
37	6	25.23676123684487
37	7	21.786944637675976
37	8	22.238837631228108
37	9	18.243778954918024
37	10	20.46512843333732
37	11	16.61895027576933
37	12	22.002366552727956
37	13	18.319104445154505
37	14	22.179672981885737
37	15	19.588138806398938
37	16	20.206614735815975
37	17	16.739948069149307
37	18	18.56719426417545
37	19	14.151285873642392
37	20	6.939184807623711
37	21	6.222539674441618
37	22	8.299840563187852
37	23	4.572596852479853
37	24	10.916170603699834
37	25	8.727535536634031
37	26	8.659022333294509
37	27	6.070157288101495
37	28	11.344019503477279
37	29	7.341797898196306
37	30	24.44590546174162
37	31	21.60250287476859
37	32	19.469006801369872
37	33	17.10174031504351
37	34	21.640988032752546
37	35	19.68694821613205
37	36	9.474592404666698
37	37	0.0
37	38	3.2612050357426643
37	39	2.624857432930381
37	40	2.956426786420945
37	41	2.371851389178014
37	42	23.901876638968222
37	43	20.800622412404756
37	44	8.73708428258161
37	45	13.92831723262883
37	46	2.5047116095298425
37	47	13.78533021936899
37	48	9.722368944511988
37	49	17.138733898841192
37	50	11.767293382606333
37	51	15.544306757707645
37	52	17.839361847479854
37	53	4.499437550583957
37	54	18.023653545437668
37	55	17.873622303059435
37	56	27.065664420390355
37	57	3.9602967839903056
37	58	9.62383871461582
37	59	22.511884664062993
37	60	26.465468499976872
37	61	28.075928138376288
38	0	33.92287732600569
38	1	29.39521202406257
38	2	31.71839053593107
38	3	28.15700642436385
38	4	30.225339592038242
38	5	27.207041486020533
38	6	24.882120462654104
38	7	21.43230386348521
38	8	21.88419685703734
38	9	17.889138180727258
38	10	20.110487659146553
38	11	16.26430950157856
38	12	21.64772577853719
38	13	17.964463670963738
38	14	21.82503220769497
38	15	19.23349803220817
38	16	23.45160416750457
38	17	19.9849375008379
38	18	21.812183695864043
38	19	17.396275305330988
38	20	10.122186851310715
38	21	9.405541718128623
38	22	11.034552893012531
38	23	7.307309182304533
38	24	14.175731815764426
38	25	11.987096748698622
38	26	9.183344232620096
38	27	6.594479187427081
38	28	11.868341402802866
38	29	7.866119797521892
38	30	27.690894893430215
38	31	24.847492306457184
38	32	22.713996233058467
38	33	20.346729746732105
38	34	24.88597746444114
38	35	22.931937647820643
38	36	12.73579744040936
38	37	3.2612050357426643
38	38	0.0
38	39	0.6363476028122833
38	40	2.9987007778329926
38	41	2.414125380590062
38	42	27.146866070656817
38	43	24.04561184409335
38	44	8.382443508390843
38	45	13.573676458438062
38	46	2.1500708353390743
38	47	14.309652118694578
38	48	10.246690843837573
38	49	17.66305579816678
38	50	12.29161528193192
38	51	16.06862865703323
38	52	18.363683746805442
38	53	5.023759449909543
38	54	18.547975444763253
38	55	17.518981528868668
38	56	28.733402179921857
38	57	7.147117408049612
38	58	12.868828146304415
38	59	25.756874095751588
38	60	29.710457931665466
38	61	31.320917570064882
39	0	33.28652972319341
39	1	28.758864421250284
39	2	31.082042933118792
39	3	27.52065882155157
39	4	29.588991989225956
39	5	26.570693883208246
39	6	24.245772859841818
39	7	20.795956260672924
39	8	21.247849254225056
39	9	17.252790577914972
39	10	19.474140056334267
39	11	15.627961898766277
39	12	21.011378175724904
39	13	17.328116068151452
39	14	21.188684604882685
39	15	18.597150429395885
39	16	22.815256564692287
39	17	19.348589898025622
39	18	21.175836093051757
39	19	16.759927702518702
39	20	9.485839248498433
39	21	8.76919411531634
39	22	10.398205290200249
39	23	6.67096157949225
39	24	13.539384212952143
39	25	11.35074914588634
39	26	8.546996629807811
39	27	5.958131584614797
39	28	11.231993799990581
39	29	7.229772194709609
39	30	27.054547290617933
39	31	24.211144703644898
39	32	22.077648630246184
39	33	19.710382143919823
39	34	24.24962986162886
39	35	22.29559004500836
39	36	12.099449837597078
39	37	2.624857432930381
39	38	0.6363476028122833
39	39	0.0
39	40	2.362353175020709
39	41	1.7777777777777786
39	42	26.510518467844534
39	43	23.409264241281065
39	44	7.74609590557856
39	45	12.937328855625779
39	46	1.5137232325267909
39	47	13.673304515882293
39	48	9.61034324102529
39	49	17.026708195354495
39	50	11.655267679119635
39	51	15.432281054220947
39	52	17.727336143993156
39	53	4.387411847097259
39	54	17.91162784195097
39	55	16.882633926056382
39	56	28.09705457710957
39	57	6.510769805237328
39	58	12.232480543492132
39	59	25.120526492939305
39	60	29.07411032885318
39	61	30.684569967252596
40	0	35.34542389928228
40	1	30.817758597339157
40	2	31.097904622250148
40	3	27.536520510682926
40	4	31.64788616531483
40	5	28.62958805929712
40	6	26.30466703593069
40	7	22.854850436761797
40	8	23.30674343031393
40	9	19.311684754003846
40	10	21.53303423242314
40	11	17.686856074855147
40	12	23.070272351813777
40	13	19.387010244240326
40	14	23.24757878097156
40	15	20.65604460548476
40	16	22.831118253823647
40	17	19.364451587156978
40	18	21.19169778218312
40	19	16.775789391650065
40	20	9.046549668479138
40	21	8.329904535297045
40	22	9.56473129261127
40	23	5.837487581903272
40	24	13.345477936623876
40	25	11.156842869558073
40	26	7.434793223093983
40	27	4.845928177900968
40	28	10.119790393276752
40	29	6.11756878799578
40	30	27.070408979749292
40	31	24.22700639277626
40	32	22.093510319377543
40	33	19.726243833051182
40	34	24.265491550760217
40	35	22.31145173413972
40	36	12.431019191087643
40	37	2.956426786420945
40	38	2.9987007778329926
40	39	2.362353175020709
40	40	0.0
40	41	0.5845753972429306
40	42	26.526380156975893
40	43	23.425125930412428
40	44	9.80499008166743
40	45	14.99622303171465
40	46	3.572617408615662
40	47	12.561101109168465
40	48	8.498139834311461
40	49	15.914504788640667
40	50	10.543064272405807
40	51	14.32007764750712
40	52	16.61513273727933
40	53	3.2752084403834303
40	54	16.799424435237142
40	55	18.941528102145256
40	56	29.690167938398027
40	57	6.153448324417004
40	58	12.248342232623491
40	59	25.136388182070664
40	60	29.089972017984543
40	61	30.70043165638396
41	0	34.76084850203935
41	1	30.233183200096224
41	2	30.51332922500722
41	3	26.951945113439997
41	4	31.063310768071897
41	5	28.045012662054187
41	6	25.72009163868776
41	7	22.270275039518864
41	8	22.722168033070997
41	9	18.727109356760913
41	10	20.948458835180208
41	11	17.102280677612217
41	12	22.485696954570844
41	13	18.802434846997393
41	14	22.663003383728626
41	15	20.071469208241826
41	16	22.246542856580717
41	17	18.77987618991405
41	18	20.607122384940187
41	19	16.191213994407132
41	20	8.461974271236206
41	21	7.745329138054114
41	22	8.98015589536834
41	23	5.252912184660341
41	24	12.760902539380945
41	25	10.572267472315142
41	26	6.850217825851052
41	27	4.261352780658037
41	28	9.535214996033822
41	29	5.53299339075285
41	30	26.48583358250636
41	31	23.642430995533328
41	32	21.508934922134614
41	33	19.14166843580825
41	34	23.680916153517288
41	35	21.726876336896787
41	36	11.846443793844712
41	37	2.371851389178014
41	38	2.414125380590062
41	39	1.7777777777777786
41	40	0.5845753972429306
41	41	0.0
41	42	25.94180475973296
41	43	22.840550533169495
41	44	9.220414684424501
41	45	14.41164763447172
41	46	2.9880420113727313
41	47	11.976525711925534
41	48	7.91356443706853
41	49	15.329929391397735
41	50	9.958488875162876
41	51	13.735502250264188
41	52	16.0305573400364
41	53	2.6906330431404997
41	54	16.214849037994213
41	55	18.356952704902323
41	56	29.105592541155094
41	57	5.568872927174074
41	58	11.66376683538056
41	59	24.55181278482773
41	60	28.50539662074161
41	61	30.115856259141026
42	0	17.038013145608417
42	1	12.510347843665288
42	2	11.151747243629876
42	3	7.590363132062654
42	4	16.752558340889763
42	5	13.73426023487205
42	6	21.59783083590147
42	7	18.14801423673257
42	8	25.862816228174303
42	9	21.867757551864216
42	10	30.644987178603262
42	11	26.79880902103527
42	12	32.811260257743754
42	13	29.127998150170303
42	14	33.37532440148945
42	15	30.783790226002647
42	16	11.679032004341245
42	17	8.212365337674578
42	18	18.445978305252265
42	19	14.030069914719208
42	20	19.66663773345197
42	21	18.94999260026988
42	22	25.794733191848948
42	23	22.067489481140953
42	24	18.229386948311713
42	25	16.04075188124591
42	26	30.756753668876826
42	27	28.167888623683808
42	28	33.441750839059594
42	29	29.43952923377862
42	30	8.7280289578656
42	31	5.884626370892567
42	32	9.219800329958131
42	33	6.85253384363177
42	34	7.249337607130187
42	35	5.295297790509688
42	36	33.37646904363492
42	37	23.901876638968222
42	38	27.146866070656817
42	39	26.510518467844534
42	40	26.526380156975893
42	41	25.94180475973296
42	42	0.0
42	43	3.101254226563468
42	44	30.43880725224769
42	45	25.211528376537647
42	46	25.89904912108429
42	47	32.436316253051814
42	48	31.8201002800943
42	49	28.82672683007458
42	50	33.86502471818865
42	51	35.808212516816084
42	52	31.972062183120073
42	53	26.59716888616627
42	54	38.28755930454611
42	55	21.463297834136313
42	56	10.051802655053852
42	57	20.531293866383177
42	58	14.278037924352402
42	59	5.804704240029343
42	60	9.582833061811163
42	61	11.19329270021058
43	0	13.936758919044948
43	1	9.40909361710182
43	2	8.050493017066408
43	3	4.489108905499186
43	4	13.651304114326294
43	5	10.63300600830858
43	6	18.496576609338
43	7	15.046760010169105
43	8	22.761562001610834
43	9	18.766503325300746
43	10	27.543732952039793
43	11	23.697554794471802
43	12	29.710006031180285
43	13	26.026743923606833
43	14	30.274070174925978
43	15	27.682535999439178
43	16	8.577777777777778
43	17	5.111111111111111
43	18	15.344724078688795
43	19	10.92881568815574
43	20	16.565383506888505
43	21	15.84873837370641
43	22	22.693478965285482
43	23	18.966235254577484
43	24	15.128132721748246
43	25	12.939497654682443
43	26	27.655499442313356
43	27	25.06663439712034
43	28	30.340496612496125
43	29	26.338275007215152
43	30	5.626774731302132
43	31	2.7833721443290993
43	32	6.118546103394664
43	33	3.7512796170683016
43	34	4.148083380566719
43	35	2.19404356394622
43	36	30.27521481707145
43	37	20.800622412404756
43	38	24.04561184409335
43	39	23.409264241281065
43	40	23.425125930412428
43	41	22.840550533169495
43	42	3.101254226563468
43	43	0.0
43	44	27.33755302568422
43	45	22.110274149974178
43	46	22.797794894520823
43	47	29.335062026488345
43	48	28.718846053530832
43	49	25.72547260351111
43	50	30.76377049162518
43	51	32.706958290252615
43	52	28.870807956556604
43	53	23.495914659602803
43	54	35.18630507798264
43	55	18.362043607572843
43	56	6.950548428490383
43	57	17.43003963981971
43	58	11.176783697788935
43	59	2.7034500134658748
43	60	6.481578835247695
43	61	8.092038473647111
44	0	25.576479743277673
44	1	21.04881444133455
44	2	26.45033856565663
44	3	22.888954454089404
44	4	21.878942009310222
44	5	18.860643903292512
44	6	16.535722879926084
44	7	13.08590628075719
44	8	13.537799274309323
44	9	9.542740597999238
44	10	11.764090076418531
44	11	7.917911918850541
44	12	13.301328195809171
44	13	9.618066088235718
44	14	13.478634624966952
44	15	10.887100449480153
44	16	28.43615989098381
44	17	24.969493224317144
44	18	26.796739419343282
44	19	22.380831028810228
44	20	15.592976661489827
44	21	14.876331528307734
44	22	17.003324722447125
44	23	13.276081011739127
44	24	19.355154051355388
44	25	17.166518984289585
44	26	16.070594050953716
44	27	13.4817290057607
44	28	18.755591221136484
44	29	14.753369615855512
44	30	28.697796476965795
44	31	25.854393889992764
44	32	27.698551956537706
44	33	25.33128547021135
44	34	29.73647176313042
44	35	27.782431946509924
44	36	18.211676687248307
44	37	8.73708428258161
44	38	8.382443508390843
44	39	7.74609590557856
44	40	9.80499008166743
44	41	9.220414684424501
44	42	30.43880725224769
44	43	27.33755302568422
44	44	0.0
44	45	5.227278875710043
44	46	6.232372673051769
44	47	14.056584009218401
44	48	17.13394066217119
44	49	10.446994586241168
44	50	19.17886510026554
44	51	16.69558988271541
44	52	12.859439549019399
44	53	11.911009268243163
44	54	19.174936670445433
44	55	9.172583946140648
44	56	20.387004597193837
44	57	12.632989927236547
44	58	17.853383869783656
44	59	24.98286962008583
44	60	27.992720446490793
44	61	29.60318008489021
45	0	20.34920086756763
45	1	15.821535565624504
45	2	21.223059689946588
45	3	17.661675578379363
45	4	16.65166313360018
45	5	13.633365027582467
45	6	11.30844400421604
45	7	7.858627405047146
45	8	8.31052039859928
45	9	4.315461722289194
45	10	6.536811200708488
45	11	2.690633043140498
45	12	8.074049320099128
45	13	4.390787212525675
45	14	8.25135574925691
45	15	5.65982157377011
45	16	30.68075484831349
45	17	27.214088181646822
45	18	31.987972369390505
45	19	27.57206397885745
45	20	20.784209611537044
45	21	20.067564478354953
45	22	22.194557672494344
45	23	18.467313961786346
45	24	24.546387001402607
45	25	22.357751934336804
45	26	21.261827001000935
45	27	18.67296195580792
45	28	22.778716861846384
45	29	18.77649525656541
45	30	23.470517601255754
45	31	20.627115014282722
45	32	27.632314115804853
45	33	25.265047629478488
45	34	24.50919288742038
45	35	22.555153070799882
45	36	23.40290963729553
45	37	13.92831723262883
45	38	13.573676458438062
45	39	12.937328855625779
45	40	14.99622303171465
45	41	14.41164763447172
45	42	25.211528376537647
45	43	22.110274149974178
45	44	5.227278875710043
45	45	0.0
45	46	11.423605623098988
45	47	8.829305133508358
45	48	12.63608066486033
45	49	5.2197157105311245
45	50	15.377489811363473
45	51	11.468311007005367
45	52	7.632160673309356
45	53	17.10224221829038
45	54	13.947657794735392
45	55	3.9453050704306043
45	56	15.159725721483795
45	57	17.824222877283766
45	58	23.04461681983088
45	59	19.755590744375787
45	60	22.76544157078075
45	61	24.375901209180167
46	0	31.772806490666618
46	1	27.245141188723494
46	2	30.470573586358547
46	3	26.909189474791326
46	4	28.075268756699167
46	5	25.056970650681457
46	6	22.73204962731503
46	7	19.282233028146134
46	8	19.734126021698266
46	9	15.739067345388182
46	10	17.960416823807478
46	11	14.114238666239485
46	12	19.497654943198114
46	13	15.814392835624663
46	14	19.674961372355895
46	15	17.083427196869096
46	16	22.203787217932046
46	17	18.737120551265377
46	18	20.564366746291515
46	19	16.14845835575846
46	20	9.360603988438058
46	21	8.643958855255965
46	22	10.770952049395357
46	23	7.043708338687359
46	24	13.12278137830362
46	25	10.934146311237816
46	26	9.838221377901949
46	27	7.249356332708933
46	28	12.523218548084717
46	29	8.520996942803745
46	30	26.443077943857688
46	31	23.599675356884656
46	32	21.466179283485943
46	33	19.098912797159578
46	34	23.638160514868616
46	35	21.684120698248115
46	36	11.97930401419654
46	37	2.5047116095298425
46	38	2.1500708353390743
46	39	1.5137232325267909
46	40	3.572617408615662
46	41	2.9880420113727313
46	42	25.89904912108429
46	43	22.797794894520823
46	44	6.232372673051769
46	45	11.423605623098988
46	46	0.0
46	47	14.96452926397643
46	48	10.901567989119425
46	49	16.643321333630112
46	50	12.946492427213773
46	51	16.723505802315085
46	52	19.018560892087294
46	53	5.678636595191395
46	54	19.202852590045108
46	55	15.368910693529592
46	56	26.58333134458278
46	57	6.4006172541847794
46	58	11.621011196731889
46	59	24.50905714617906
46	60	28.46264098209294
46	61	30.073100620492355
47	0	28.039236759102007
47	1	23.51157145715888
47	2	28.44784756646075
47	3	24.88646345489353
47	4	24.5971342344218
47	5	21.578836128404088
47	6	19.57507521354944
47	7	16.125258614380545
47	8	17.00766836532189
47	9	13.012609689011802
47	10	14.122434247211892
47	11	10.276256089643901
47	12	13.71149720901581
47	13	10.028235101442359
47	14	12.037070103097044
47	15	9.445535927610246
47	16	32.187799651799054
47	17	28.72113298513239
47	18	30.548379180158527
47	19	26.132470789625472
47	20	17.857645442819845
47	21	17.141000309637754
47	22	17.793755689546316
47	23	14.066511978838319
47	24	22.41183505337761
47	25	20.22319998631181
47	26	13.27643439138265
47	27	10.687569346189637
47	28	14.20559747184306
47	29	10.203375866562087
47	30	30.69530547776992
47	31	27.85190289079689
47	32	31.45019171735295
47	33	29.082925231026593
47	34	31.733980763934547
47	35	29.779940947314046
47	36	23.25992262403569
47	37	13.78533021936899
47	38	14.309652118694578
47	39	13.673304515882293
47	40	12.561101109168465
47	41	11.976525711925534
47	42	32.436316253051814
47	43	29.335062026488345
47	44	14.056584009218401
47	45	8.829305133508358
47	46	14.96452926397643
47	47	0.0
47	48	4.062961274857004
47	49	3.609589422977234
47	50	8.9617391521809
47	51	10.645739756673247
47	52	6.809589422977236
47	53	9.285892668785035
47	54	13.12508654440327
47	55	12.304926615340097
47	56	22.384513597997962
47	57	15.377376300832832
47	58	21.6050236305989
47	59	26.98037862088995
47	60	29.99022944729492
47	61	31.600689085694334
48	0	31.84601229045398
48	1	27.318346988510854
48	2	32.254623097812726
48	3	28.693238986245504
48	4	28.403909765773776
48	5	25.385611659756062
48	6	23.38185074490141
48	7	19.932034145732516
48	8	20.81444389667386
48	9	16.819385220363774
48	10	17.929209778563866
48	11	14.083031620995875
48	12	17.518272740367784
48	13	13.835010632794331
48	14	15.843845634449018
48	15	13.252311458962218
48	16	28.12483837694205
48	17	24.658171710275386
48	18	26.485417905301524
48	19	22.06950951476847
48	20	13.79468416796284
48	21	13.078039034780748
48	22	13.730794414689313
48	23	10.003550703981315
48	24	18.348873778520606
48	25	16.160238711454802
48	26	9.213473116525646
48	27	6.624608071332632
48	28	10.142636196986055
48	29	6.140414591705083
48	30	32.3641291028677
48	31	29.520726515894665
48	32	27.387230442495948
48	33	25.01996395616959
48	34	29.559211673878625
48	35	27.605171857258128
48	36	19.196961349178686
48	37	9.722368944511988
48	38	10.246690843837573
48	39	9.61034324102529
48	40	8.498139834311461
48	41	7.91356443706853
48	42	31.8201002800943
48	43	28.718846053530832
48	44	17.13394066217119
48	45	12.63608066486033
48	46	10.901567989119425
48	47	4.062961274857004
48	48	0.0
48	49	7.4163649543292065
48	50	4.898777877323897
48	51	6.928915971723849
48	52	8.37126183387893
48	53	5.222931393928031
48	54	9.408262759453873
48	55	16.11170214669207
48	56	26.191289129349936
48	57	11.314415025975826
48	58	17.542062355741898
48	59	30.430108305189073
48	60	33.79700497864689
48	61	35.40746461704631
49	0	24.429647336124773
49	1	19.901982034181646
49	2	24.83825814348352
49	3	21.276874031916297
49	4	20.987544811444568
49	5	17.969246705426855
49	6	15.965485790572204
49	7	12.51566919140331
49	8	13.398078942344656
49	9	9.403020266034568
49	10	10.512844824234659
49	11	6.666666666666668
49	12	10.101907786038577
49	13	6.418645678465125
49	14	8.42748068011981
49	15	5.835946504633012
49	16	34.295953301850425
49	17	30.829286635183756
49	18	33.90178285963073
49	19	29.485874469097674
49	20	21.211049122292046
49	21	20.494403989109955
49	22	21.147159369018517
49	23	17.419915658310522
49	24	25.765238732849813
49	25	23.57660366578401
49	26	16.629838070854852
49	27	14.040973025661838
49	28	17.55900115131526
49	29	13.556779546034289
49	30	27.085716054792687
49	31	24.242313467819656
49	32	31.247512569341787
49	33	28.88024608301542
49	34	28.124391340957313
49	35	26.170351524336816
49	36	26.61332630350789
49	37	17.138733898841192
49	38	17.66305579816678
49	39	17.026708195354495
49	40	15.914504788640667
49	41	15.329929391397735
49	42	28.82672683007458
49	43	25.72547260351111
49	44	10.446994586241168
49	45	5.2197157105311245
49	46	16.643321333630112
49	47	3.609589422977234
49	48	7.4163649543292065
49	49	0.0
49	50	10.94532913805412
49	51	7.036150333696014
49	52	3.200000000000003
49	53	12.639296348257236
49	54	9.515497121426037
49	55	8.695337192362864
49	56	18.77492417502073
49	57	18.730779980305034
49	58	24.9584273100711
49	59	23.37078919791272
49	60	26.380640024317685
49	61	27.9910996627171
50	0	35.24041097347403
50	1	30.712745671530897
50	2	35.72892263458313
50	3	32.16753852301591
50	4	31.72148030535346
50	5	28.703182199335746
50	6	26.548240893060406
50	7	23.09842429389151
50	8	23.68801013063893
50	9	19.692951454328842
50	10	19.754295490296226
50	11	15.908117332728235
50	12	18.379139674117955
50	13	14.695877566544503
50	14	15.795031956801367
50	15	13.203497781314567
50	16	30.1697628150364
50	17	26.703096148369735
50	18	28.530342343395873
50	19	24.114433952862818
50	20	15.839608606057187
50	21	15.122963472875094
50	22	15.77571885278366
50	23	12.048475142075661
50	24	20.393798216614954
50	25	18.20516314954915
50	26	10.464440665934948
50	27	7.875575620741934
50	28	9.965897661101362
50	29	5.963676055820389
50	30	34.40905354096205
50	31	31.565650953989014
50	32	29.432154880590296
50	33	27.06488839426394
50	34	31.604136111972974
50	35	29.650096295352476
50	36	21.24188578727303
50	37	11.767293382606333
50	38	12.29161528193192
50	39	11.655267679119635
50	40	10.543064272405807
50	41	9.958488875162876
50	42	33.86502471818865
50	43	30.76377049162518
50	44	19.17886510026554
50	45	15.377489811363473
50	46	12.946492427213773
50	47	8.9617391521809
50	48	4.898777877323897
50	49	10.94532913805412
50	50	0.0
50	51	4.34101882562659
50	52	7.745329138054117
50	53	7.267855832022377
50	54	6.820365613356614
50	55	19.19415246429842
50	56	29.66558866612034
50	57	13.359339464070175
50	58	19.586986793836246
50	59	32.47503274328342
50	60	36.428616579197296
50	61	38.039076217596715
51	0	31.331232169115918
51	1	26.80356686717279
51	2	31.819743830225022
51	3	28.2583597186578
51	4	27.812301500995353
51	5	24.79400339497764
51	6	22.6390620887023
51	7	19.189245489533405
51	8	19.778831326280823
51	9	15.783772649970734
51	10	15.84511668593812
51	11	11.998938528370129
51	12	14.469960869759849
51	13	10.786698762186397
51	14	11.88585315244326
51	15	9.294318976956461
51	16	33.94677619013771
51	17	30.480109523471047
51	18	32.307355718497185
51	19	27.89144732796413
51	20	19.6166219811585
51	21	18.899976847976404
51	22	19.552732227884974
51	23	15.825488517176973
51	24	24.170811591716266
51	25	21.982176524650463
51	26	14.516217156833793
51	27	11.92735211164078
51	28	14.221061625460598
51	29	10.218840020179625
51	30	34.06720174153419
51	31	31.22379915456116
51	32	33.20916825569161
51	33	30.84190176936525
51	34	35.10587702769882
51	35	33.151837211078316
51	36	25.018899162374343
51	37	15.544306757707645
51	38	16.06862865703323
51	39	15.432281054220947
51	40	14.32007764750712
51	41	13.735502250264188
51	42	35.808212516816084
51	43	32.706958290252615
51	44	16.69558988271541
51	45	11.468311007005367
51	46	16.723505802315085
51	47	10.645739756673247
51	48	6.928915971723849
51	49	7.036150333696014
51	50	4.34101882562659
51	51	0.0
51	52	3.836150333696011
51	53	11.04486920712369
51	54	2.479346787730024
51	55	15.284973659940311
51	56	25.756409861762233
51	57	17.136352839171487
51	58	23.364000168937558
51	59	30.35227488465422
51	60	33.362125711059186
51	61	34.972585349458605
52	0	27.495081835419906
52	1	22.96741653347678
52	2	27.98359349652901
52	3	24.42220938496179
52	4	23.976151167299342
52	5	20.95785306128163
52	6	18.80291175500629
52	7	15.353095155837394
52	8	15.94268099258481
52	9	11.947622316274723
52	10	12.008966352242108
52	11	8.162788194674118
52	12	10.633810536063837
52	13	6.950548428490385
52	14	8.04970281874725
52	15	5.45816864326045
52	16	36.24183127990992
52	17	32.77516461324325
52	18	34.60241080826939
52	19	30.186502417736335
52	20	21.911677070930708
52	21	21.195031937748617
52	22	21.84778731765718
52	23	18.120543606949184
52	24	26.465866681488475
52	25	24.27723161442267
52	26	17.08961002392675
52	27	14.500744978733735
52	28	17.171958706250074
52	29	13.1697371009691
52	30	30.23105140783818
52	31	27.38764882086515
52	32	34.392847922387276
52	33	32.02558143606092
52	34	31.269726694002806
52	35	29.315686877382305
52	36	27.31395425214655
52	37	17.839361847479854
52	38	18.363683746805442
52	39	17.727336143993156
52	40	16.61513273727933
52	41	16.0305573400364
52	42	31.972062183120073
52	43	28.870807956556604
52	44	12.859439549019399
52	45	7.632160673309356
52	46	19.018560892087294
52	47	6.809589422977236
52	48	8.37126183387893
52	49	3.200000000000003
52	50	7.745329138054117
52	51	3.836150333696011
52	52	0.0
52	53	13.339924296895898
52	54	6.315497121426035
52	55	11.4488233262443
52	56	21.92025952806622
52	57	19.431407928943695
52	58	25.659055258709763
52	59	26.51612455095821
52	60	29.525975377363178
52	61	31.136435015762594
53	0	36.747167158142965
53	1	32.21950185619984
53	2	31.168693351440524
53	3	27.607309239873302
53	4	33.626841159701804
53	5	30.60854305368409
53	6	28.410686222506424
53	7	24.96086962333753
53	8	25.412762616889662
53	9	21.417703940579578
53	10	23.152141172491895
53	11	19.305963014923904
53	12	22.741204134295813
53	13	19.057942026722362
53	14	21.066777028377047
53	15	18.475242852890247
53	16	22.901906983014023
53	17	19.435240316347354
53	18	21.262486511373496
53	19	16.84657812084044
53	20	8.57175277403481
53	21	7.855107640852717
53	22	8.507863020761283
53	23	4.780619310053284
53	24	13.125942384592577
53	25	10.937307317526773
53	26	4.159584782710553
53	27	1.570719737517538
53	28	6.844581952893322
53	29	2.84236034761235
53	30	27.141197708939668
53	31	24.297795121966637
53	32	22.16429904856792
53	33	19.797032562241558
53	34	24.336280279950593
53	35	22.382240463330096
53	36	13.974029955250654
53	37	4.499437550583957
53	38	5.023759449909543
53	39	4.387411847097259
53	40	3.2752084403834303
53	41	2.6906330431404997
53	42	26.59716888616627
53	43	23.495914659602803
53	44	11.911009268243163
53	45	17.10224221829038
53	46	5.678636595191395
53	47	9.285892668785035
53	48	5.222931393928031
53	49	12.639296348257236
53	50	7.267855832022377
53	51	11.04486920712369
53	52	13.339924296895898
53	53	0.0
53	54	13.524215994853712
53	55	21.04754728872099
53	56	29.760956667588403
53	57	6.0914836320477965
53	58	12.319130961813867
53	59	25.20717691126104
53	60	29.16076074717492
53	61	30.771220385574335
54	0	33.810578956845944
54	1	29.282913654902814
54	2	34.299090617955045
54	3	30.737706506387823
54	4	30.291648288725376
54	5	27.273350182707663
54	6	25.118408876432323
54	7	21.66859227726343
54	8	22.258178114010846
54	9	18.26311943770076
54	10	18.324463473668143
54	11	14.478285316100152
54	12	16.94930765748987
54	13	13.26604554991642
54	14	14.365199940173284
54	15	11.773665764686484
54	16	36.426122977867735
54	17	32.959456311201066
54	18	34.78670250622721
54	19	30.370794115694153
54	20	22.095968768888522
54	21	21.379323635706427
54	22	22.032079015614997
54	23	18.304835304906995
54	24	26.65015837944629
54	25	24.461523312380486
54	26	16.995563944563816
54	27	14.406698899370802
54	28	16.700408413190623
54	29	12.69818680790965
54	30	36.546548529264214
54	31	33.70314594229118
54	32	35.68851504342163
54	33	33.321248557095274
54	34	37.58522381542884
54	35	35.63118399880834
54	36	27.498245950104366
54	37	18.023653545437668
54	38	18.547975444763253
54	39	17.91162784195097
54	40	16.799424435237142
54	41	16.214849037994213
54	42	38.28755930454611
54	43	35.18630507798264
54	44	19.174936670445433
54	45	13.947657794735392
54	46	19.202852590045108
54	47	13.12508654440327
54	48	9.408262759453873
54	49	9.515497121426037
54	50	6.820365613356614
54	51	2.479346787730024
54	52	6.315497121426035
54	53	13.524215994853712
54	54	0.0
54	55	17.764320447670336
54	56	28.235756649492256
54	57	19.61569962690151
54	58	25.84334695666758
54	59	32.831621672384244
54	60	35.84147249878921
54	61	37.45193213718863
55	0	16.442175596351184
55	1	11.914510294408059
55	2	17.47482914754525
55	3	13.913445035978029
55	4	12.710856024975213
55	5	9.6925579189575
55	6	7.3722748860529865
55	7	3.922458286884092
55	8	5.340191649680891
55	9	1.3451329733708037
55	10	9.214397394687294
55	11	5.3682192371193045
55	12	11.355562774965481
55	13	7.672300667392028
55	14	11.930051254475725
55	15	9.338517078988927
55	16	26.932524305912157
55	17	23.465857639245492
55	18	33.655166631830284
55	19	29.239258241297225
55	20	24.72951468196765
55	21	24.01286954878556
55	22	26.139862742924947
55	23	22.412619032216952
55	24	28.491692071833214
55	25	26.30305700476741
55	26	25.20713207143154
55	27	22.618267026238527
55	28	26.254338343678125
55	29	22.252116738397152
55	30	19.72228705885442
55	31	16.87888447188139
55	32	23.884083573403515
55	33	21.516817087077158
55	34	20.760962345019045
55	35	18.806922528398545
55	36	27.348214707726132
55	37	17.873622303059435
55	38	17.518981528868668
55	39	16.882633926056382
55	40	18.941528102145256
55	41	18.356952704902323
55	42	21.463297834136313
55	43	18.362043607572843
55	44	9.172583946140648
55	45	3.9453050704306043
55	46	15.368910693529592
55	47	12.304926615340097
55	48	16.11170214669207
55	49	8.695337192362864
55	50	19.19415246429842
55	51	15.284973659940311
55	52	11.4488233262443
55	53	21.04754728872099
55	54	17.764320447670336
55	55	0.0
55	56	11.411495179082461
55	57	21.769527947714373
55	58	26.98992189026148
55	59	16.00736020197445
55	60	19.017211028379418
55	61	20.627670666778833
56	0	6.986210490554564
56	1	2.458545188611437
56	2	6.063333968462791
56	3	2.501949856895568
56	4	6.700755685835912
56	5	3.682457579818198
56	6	11.546028180847616
56	7	8.096211581678721
56	8	15.811013573120452
56	9	11.815954896810364
56	10	20.59318452354941
56	11	16.74700636598142
56	12	22.759457602689903
56	13	19.07619549511645
56	14	23.323521746435596
56	15	20.731987570948796
56	16	15.521029126829696
56	17	12.054362460163029
56	18	22.24367145274782
56	19	17.827763062214764
56	20	22.830425514874104
56	21	22.11378038169201
56	22	28.95852097327108
56	23	25.231277262563083
56	24	21.393174729733843
56	25	19.20453966266804
56	26	33.920541450298956
56	27	31.331676405105938
56	28	36.33392532633599
56	29	32.33170372105502
56	30	8.310791879771958
56	31	5.467389292798926
56	32	12.472588394321056
56	33	10.105321907994695
56	34	9.349467165936584
56	35	7.395427349316085
56	36	36.54025682505705
56	37	27.065664420390355
56	38	28.733402179921857
56	39	28.09705457710957
56	40	29.690167938398027
56	41	29.105592541155094
56	42	10.051802655053852
56	43	6.950548428490383
56	44	20.387004597193837
56	45	15.159725721483795
56	46	26.58333134458278
56	47	22.384513597997962
56	48	26.191289129349936
56	49	18.77492417502073
56	50	29.66558866612034
56	51	25.756409861762233
56	52	21.92025952806622
56	53	29.760956667588403
56	54	28.235756649492256
56	55	11.411495179082461
56	56	0.0
56	57	23.69508164780531
56	58	17.441825705774534
56	59	4.59586502289199
56	60	7.605715849296955
56	61	9.216175487696372
57	0	30.681292138359872
57	1	26.15362683641675
57	2	25.102818331657435
57	3	21.541434220090213
57	4	30.39583733364122
57	5	27.377539227623508
57	6	29.13266688149981
57	7	25.682850282330914
57	8	26.134743275883046
57	9	22.139684599572963
57	10	24.361034077992258
57	11	20.514855920424264
57	12	25.898272197382894
57	13	22.215010089809443
57	14	26.075578626540675
57	15	23.484044451053876
57	16	16.83603196323093
57	17	13.369365296564265
57	18	15.196611491590403
57	19	10.780703101057348
57	20	2.9802596359815308
57	21	2.263614502799438
57	22	5.895932226042374
57	23	2.168688515334376
57	24	7.206135305429056
57	25	5.017500238363252
57	26	10.25106841475835
57	27	7.662203369565335
57	28	12.936065584941119
57	29	8.933843979660146
57	30	21.075322689156575
57	31	18.231920102183544
57	32	16.098424028784827
57	33	13.731157542458465
57	34	18.270405260167504
57	35	16.316365443547003
57	36	13.434889188657003
57	37	3.9602967839903056
57	38	7.147117408049612
57	39	6.510769805237328
57	40	6.153448324417004
57	41	5.568872927174074
57	42	20.531293866383177
57	43	17.43003963981971
57	44	12.632989927236547
57	45	17.824222877283766
57	46	6.4006172541847794
57	47	15.377376300832832
57	48	11.314415025975826
57	49	18.730779980305034
57	50	13.359339464070175
57	51	17.136352839171487
57	52	19.431407928943695
57	53	6.0914836320477965
57	54	19.61569962690151
57	55	21.769527947714373
57	56	23.69508164780531
57	57	0.0
57	58	6.253255942030775
57	59	19.141301891477948
57	60	23.094885727391826
57	61	24.705345365791242
58	0	24.428036196329096
58	1	19.900370894385972
58	2	18.84956238962666
58	3	15.288178278059437
58	4	24.142581391610445
58	5	21.124283285592732
58	6	28.987853886622148
58	7	25.538037287453257
58	8	31.355137218430155
58	9	27.36007854212007
58	10	29.581428020539366
58	11	25.735249862971372
58	12	31.118666139930003
58	13	27.43540403235655
58	14	31.295972569087784
58	15	28.704438393600984
58	16	10.582776021200155
58	17	7.116109354533489
58	18	8.943355549559627
58	19	4.527447159026572
58	20	5.38859980909957
58	21	4.671954675917477
58	22	11.516695267496548
58	23	7.78945155678855
58	24	3.9513490239593114
58	25	1.7627139568935075
58	26	16.478715744524422
58	27	13.889850699331404
58	28	19.16371291470719
58	29	15.161491309426218
58	30	14.8220667471258
58	31	11.978664160152768
58	32	9.845168086754052
58	33	7.477901600427691
58	34	12.017149318136727
58	35	10.063109501516228
58	36	19.098431119282516
58	37	9.62383871461582
58	38	12.868828146304415
58	39	12.232480543492132
58	40	12.248342232623491
58	41	11.66376683538056
58	42	14.278037924352402
58	43	11.176783697788935
58	44	17.853383869783656
58	45	23.04461681983088
58	46	11.621011196731889
58	47	21.6050236305989
58	48	17.542062355741898
58	49	24.9584273100711
58	50	19.586986793836246
58	51	23.364000168937558
58	52	25.659055258709763
58	53	12.319130961813867
58	54	25.84334695666758
58	55	26.98992189026148
58	56	17.441825705774534
58	57	6.253255942030775
58	58	0.0
58	59	12.888045949447173
58	60	16.84162978536105
58	61	18.452089423760466
59	0	11.582075513446554
59	1	7.054410211503427
59	2	6.015908782053282
59	3	2.4545246704860597
59	4	11.296620708727902
59	5	8.278322602710189
59	6	16.141893203739606
59	7	12.692076604570712
59	8	20.40687859601244
59	9	16.411819919702353
59	10	25.189049546441403
59	11	21.342871388873412
59	12	27.35532262558189
59	13	23.672060518008443
59	14	27.919386769327588
59	15	25.327852593840788
59	16	11.080169940374862
59	17	7.613503273708195
59	18	17.708438549411436
59	19	13.292530158878382
59	20	18.276645758546742
59	21	17.56000062536465
59	22	24.40474121694372
59	23	20.677497506235724
59	24	16.839394973406485
59	25	14.650759906340681
59	26	29.366761693971597
59	27	26.77789664877858
59	28	32.051758864154365
59	29	28.049537258873393
59	30	3.9903792892453818
59	31	1.1469767022723492
59	32	7.876943719148311
59	33	5.509677232821949
59	34	4.779322496676109
59	35	2.8252826800556097
59	36	31.98647706872969
59	37	22.511884664062993
59	38	25.756874095751588
59	39	25.120526492939305
59	40	25.136388182070664
59	41	24.55181278482773
59	42	5.804704240029343
59	43	2.7034500134658748
59	44	24.98286962008583
59	45	19.755590744375787
59	46	24.50905714617906
59	47	26.98037862088995
59	48	30.430108305189073
59	49	23.37078919791272
59	50	32.47503274328342
59	51	30.35227488465422
59	52	26.51612455095821
59	53	25.20717691126104
59	54	32.831621672384244
59	55	16.00736020197445
59	56	4.59586502289199
59	57	19.141301891477948
59	58	12.888045949447173
59	59	0.0
59	60	7.119994451378058
59	61	8.730454089777474
60	0	14.591926339851518
60	1	10.064261037908393
60	2	9.636144687045297
60	3	6.0747605754780745
60	4	14.306471535132868
60	5	11.288173429115155
60	6	19.15174403014457
60	7	15.701927430975676
60	8	23.416729422417408
60	9	19.42167074610732
60	10	28.198900372846367
60	11	24.352722215278376
60	12	30.36517345198686
60	13	26.681911344413408
60	14	30.929237595732552
60	15	28.337703420245752
60	16	13.280036231817173
60	17	9.813369565150506
60	18	19.660935914205517
60	19	15.24502752367246
60	20	22.23022959446062
60	21	21.513584461278526
60	22	28.358325052857598
60	23	24.6310813421496
60	24	20.79297880932036
60	25	18.604343742254557
60	26	33.32034552988547
60	27	30.731480484692455
60	28	36.00534270006824
60	29	32.00312109478727
60	30	10.952534765656399
60	31	8.109132178683366
60	32	12.307731239353396
60	33	9.940464753027035
60	34	10.547462509601853
60	35	8.593422692981354
60	36	35.940060904643566
60	37	26.465468499976872
60	38	29.710457931665466
60	39	29.07411032885318
60	40	29.089972017984543
60	41	28.50539662074161
60	42	9.582833061811163
60	43	6.481578835247695
60	44	27.992720446490793
60	45	22.76544157078075
60	46	28.46264098209294
60	47	29.99022944729492
60	48	33.79700497864689
60	49	26.380640024317685
60	50	36.428616579197296
60	51	33.362125711059186
60	52	29.525975377363178
60	53	29.16076074717492
60	54	35.84147249878921
60	55	19.017211028379418
60	56	7.605715849296955
60	57	23.094885727391826
60	58	16.84162978536105
60	59	7.119994451378058
60	60	0.0
60	61	1.6104596383994167
61	0	16.202385978250934
61	1	11.67472067630781
61	2	11.246604325444714
61	3	7.685220213877491
61	4	15.916931173532285
61	5	12.898633067514572
61	6	20.762203668543986
61	7	17.31238706937509
61	8	25.027189060816823
61	9	21.032130384506736
61	10	29.809360011245783
61	11	25.963181853677792
61	12	31.975633090386275
61	13	28.292370982812823
61	14	32.53969723413197
61	15	29.948163058645168
61	16	14.89049587021659
61	17	11.423829203549923
61	18	21.271395552604933
61	19	16.855487162071878
61	20	23.840689232860036
61	21	23.124044099677942
61	22	29.968784691257014
61	23	26.241540980549015
61	24	22.403438447719775
61	25	20.214803380653972
61	26	34.93080516828489
61	27	32.341940123091874
61	28	37.61580233846766
61	29	33.61358073318669
61	30	12.562994404055816
61	31	9.719591817082783
61	32	13.918190877752814
61	33	11.550924391426452
61	34	12.157922148001271
61	35	10.203882331380772
61	36	37.550520543042985
61	37	28.075928138376288
61	38	31.320917570064882
61	39	30.684569967252596
61	40	30.70043165638396
61	41	30.115856259141026
61	42	11.19329270021058
61	43	8.092038473647111
61	44	29.60318008489021
61	45	24.375901209180167
61	46	30.073100620492355
61	47	31.600689085694334
61	48	35.40746461704631
61	49	27.9910996627171
61	50	38.039076217596715
61	51	34.972585349458605
61	52	31.136435015762594
61	53	30.771220385574335
61	54	37.45193213718863
61	55	20.627670666778833
61	56	9.216175487696372
61	57	24.705345365791242
61	58	18.452089423760466
61	59	8.730454089777474
61	60	1.6104596383994167
61	61	0.0
;